# line 2: x-coordinate lattice, line 3: y-coordinate lattice starting line 4: correlation entries, each line a row
2.1169899999999998e-08 2.3753049999999997e-08 2.6651349999999997e-08 2.99033e-08 3.3552050000000004e-08 3.7646e-08 4.2239549999999995e-08 4.7393549999999996e-08 5.3176399999999994e-08 5.96649e-08 6.694515000000001e-08 7.511369999999999e-08 8.427894999999999e-08 9.456254999999999e-08 1.0610099999999999e-07 1.190475e-07 1.335735e-07 1.498715e-07 1.681585e-07 1.88677e-07 2.11699e-07 2.375305e-07 2.6651349999999996e-07 2.99033e-07 3.355205e-07 3.7645999999999997e-07 4.223955e-07 4.7393550000000006e-07 5.31764e-07 5.96649e-07 6.694514999999999e-07 7.51137e-07 8.427895e-07 9.456255e-07 1.06101e-06 1.190475e-06 1.335735e-06 1.498715e-06 1.681585e-06 1.88677e-06 2.1169899999999995e-06 2.375305e-06 2.665135e-06 2.9903299999999995e-06 3.355205e-06 3.7645999999999995e-06 4.223955e-06 4.739355e-06 5.317639999999999e-06 5.966489999999999e-06 6.694514999999999e-06 7.511369999999999e-06 8.427894999999999e-06 9.456255e-06 1.0610099999999999e-05 1.190475e-05 1.335735e-05 1.4987150000000001e-05 1.681585e-05 1.8867700000000002e-05 2.11699e-05 2.3753049999999998e-05 2.6651349999999997e-05 2.99033e-05 3.355205e-05 3.7646e-05 4.223955e-05 4.7393549999999996e-05 5.3176399999999995e-05 5.96649e-05 6.694515e-05 7.511369999999999e-05 8.427895e-05 9.456254999999999e-05 0.00010610099999999999 0.0001190475 0.00013357349999999998 0.0001498715 0.0001681585 0.000188677 0.000211699 0.0002375305 0.00026651349999999997 0.000299033 0.0003355205 0.00037646 0.0004223955 0.00047393549999999993 0.0005317639999999999 0.0005966489999999999 0.0006694514999999999 0.000751137 0.0008427895 0.0009456255 0.0010610099999999998 0.0011904749999999999 0.0013357349999999998 0.0014987149999999999 0.001681585 0.0018867699999999999 0.00211699 0.0023753049999999994 0.002665135 0.0029903300000000002 0.003355205 0.0037646 0.004223955 0.004739355 0.00531764 0.00596649 0.006694515 0.00751137 0.008427895 0.009456255 0.0106101 0.011904749999999999 0.01335735 0.01498715 0.01681585 0.018867699999999998 0.0211699 0.023753049999999998 0.026651349999999997 0.0299033 0.03355205 0.037646 0.04223955 0.04739354999999999 0.0531764 0.05966489999999999 0.06694515 0.0751137 0.08427894999999999 0.09456255 0.106101 0.1190475 0.1335735 0.1498715 0.1681585
2.1169899999999998e-08 2.3753049999999997e-08 2.6651349999999997e-08 2.99033e-08 3.3552050000000004e-08 3.7646e-08 4.2239549999999995e-08 4.7393549999999996e-08 5.3176399999999994e-08 5.96649e-08 6.694515000000001e-08 7.511369999999999e-08 8.427894999999999e-08 9.456254999999999e-08 1.0610099999999999e-07 1.190475e-07 1.335735e-07 1.498715e-07 1.681585e-07 1.88677e-07 2.11699e-07 2.375305e-07 2.6651349999999996e-07 2.99033e-07 3.355205e-07 3.7645999999999997e-07 4.223955e-07 4.7393550000000006e-07 5.31764e-07 5.96649e-07 6.694514999999999e-07 7.51137e-07 8.427895e-07 9.456255e-07 1.06101e-06 1.190475e-06 1.335735e-06 1.498715e-06 1.681585e-06 1.88677e-06 2.1169899999999995e-06 2.375305e-06 2.665135e-06 2.9903299999999995e-06 3.355205e-06 3.7645999999999995e-06 4.223955e-06 4.739355e-06 5.317639999999999e-06 5.966489999999999e-06 6.694514999999999e-06 7.511369999999999e-06 8.427894999999999e-06 9.456255e-06 1.0610099999999999e-05 1.190475e-05 1.335735e-05 1.4987150000000001e-05 1.681585e-05 1.8867700000000002e-05 2.11699e-05 2.3753049999999998e-05 2.6651349999999997e-05 2.99033e-05 3.355205e-05 3.7646e-05 4.223955e-05 4.7393549999999996e-05 5.3176399999999995e-05 5.96649e-05 6.694515e-05 7.511369999999999e-05 8.427895e-05 9.456254999999999e-05 0.00010610099999999999 0.0001190475 0.00013357349999999998 0.0001498715 0.0001681585 0.000188677 0.000211699 0.0002375305 0.00026651349999999997 0.000299033 0.0003355205 0.00037646 0.0004223955 0.00047393549999999993 0.0005317639999999999 0.0005966489999999999 0.0006694514999999999 0.000751137 0.0008427895 0.0009456255 0.0010610099999999998 0.0011904749999999999 0.0013357349999999998 0.0014987149999999999 0.001681585 0.0018867699999999999 0.00211699 0.0023753049999999994 0.002665135 0.0029903300000000002 0.003355205 0.0037646 0.004223955 0.004739355 0.00531764 0.00596649 0.006694515 0.00751137 0.008427895 0.009456255 0.0106101 0.011904749999999999 0.01335735 0.01498715 0.01681585 0.018867699999999998 0.0211699 0.023753049999999998 0.026651349999999997 0.0299033 0.03355205 0.037646 0.04223955 0.04739354999999999 0.0531764 0.05966489999999999 0.06694515 0.0751137 0.08427894999999999 0.09456255 0.106101 0.1190475 0.1335735 0.1498715 0.1681585
1.0 0.461036236675624 0.45792273696649527 0.451191683591287 0.4353371241057203 0.41732249087035894 0.3987642084995004 0.37826224395423613 0.3605439999366153 0.34238292516994673 0.32474263045297075 0.3083350478877053 0.29260612168032063 0.27791970091842894 0.26459262111331944 0.25252771944444685 0.24168443773438153 0.23233401141474533 0.22411597749682646 0.21698247614556992 0.21094078147410433 0.20581844770261268 0.20142679721674633 0.1976071746886908 0.19438569129344524 0.19115789434147382 0.18782351394916397 0.1848033878027678 0.18118026351198468 0.17786869989016785 0.1748385464922944 0.17259119160912242 0.17042145479614618 0.16770740723399907 0.16523856129641704 0.162770968704713 0.160381978547202 0.15822648225634267 0.15583177641414075 0.15358758155039465 0.15159397912515568 0.14915190114959642 0.14682140486101433 0.14451168743993367 0.14254818228778673 0.14031090650791428 0.13815124735653314 0.13618916652165056 0.13387915741761436 0.13187679706264055 0.12954096640252302 0.12770845652004492 0.1250587920533383 0.1228717226539537 0.1207292833118544 0.11853154826902464 0.11637447913746139 0.1144534968347705 0.11232777517013302 0.10988196833677145 0.10803432452747541 0.10529982591389243 0.10349664299492004 0.10172874778598719 0.09903337885797811 0.0970158630356169 0.09505139350640703 0.09327990886974712 0.09135451233894627 0.08911354193035796 0.08749841195074301 0.08513081339956916 0.08293163130090149 0.08120684980981588 0.07983968682618842 0.07802473994228358 0.07582479476982279 0.07391683917269802 0.07241316061976905 0.0709523716508815 0.0690521752771295 0.06743348366863161 0.06631419479918531 0.06452129743589037 0.05761201411722452 0.059560703019166064 0.05923171780624154 0.058319580797841386 0.056698049307165925 0.05554909670191895 0.05412326215578835 0.05241635544442284 0.05195041626890211 0.05028706531344085 0.013026872446723148 0.01297915583032435 0.012656809092219959 0.01252295942926804 0.012150997255805965 0.011781850020142787 0.011423435738820103 0.0108441225878309 0.011094974353690217 0.010782168802562945 0.010647553233710694 0.010354717584535187 0.010190658562876865 0.00993913389757691 0.00988700908401386 0.009434900178305462 0.009469682470510124 0.00915076894583624 0.009050733922681459 0.008854464237419627 0.008490230127141419 0.00828257683524946 0.008140690830582392 0.00816172499766455 0.008023085028066411 0.0078843584236894 0.007788944260231848 0.007795000448644657 0.0078176874741523 0.007936894738057731 0.006218799926945931 0.005829785313816366 0.006689345185635257 0.006853417090106128 0.00703166488479442 0.006911378742960531 0.007212109953894372 0.0072239310164410485 0.006062917606011065 0.0061070733941968516 0.007046284022538562 0.007059568419076609 0.007503410856313635 0.0064047205557785205 0.007049038499958638
0.461036236675624 1.0 0.4868307184344969 0.48571821168539653 0.4723684121685806 0.4548436014596593 0.4354504874640501 0.4130936578975686 0.39326027691589077 0.37265843661078846 0.35250096061751957 0.33366597610055626 0.3156175602526551 0.2987866696336322 0.2835296295406226 0.2697433863024148 0.2573784629393636 0.24671217155474123 0.23734714621480138 0.22921941386220668 0.2223234334812123 0.21646499729129257 0.21143511124694744 0.2070584575067686 0.20335483920742303 0.19968585662626387 0.19594311994988647 0.1925619273398221 0.1885830668979247 0.18495630637346339 0.18164647117379304 0.179170726958919 0.17679347316566507 0.17386784935832672 0.17121113346492098 0.1685686389497567 0.1660189843022413 0.1637210424964734 0.16118445656700628 0.15881144738878672 0.15670441962764994 0.15413992371165533 0.1516962466839464 0.14927887014664498 0.14722332224545376 0.14488871436281583 0.14263754499887388 0.1405932344116735 0.1381922884013612 0.13611115224913348 0.1336878221423971 0.13178565983034862 0.12904180478252403 0.12677667011725763 0.12455877508453352 0.12228487901384984 0.12005386004085832 0.11806719227516485 0.11587002275161755 0.11334331019946652 0.11143415382027595 0.10861072409400456 0.10674832403077773 0.10492267634683439 0.10214076588250608 0.10005827276105073 0.0980307362375567 0.09620244690610792 0.09421561019703745 0.0919034854462264 0.0902369402867207 0.08779450421148198 0.08552587170637244 0.08374657815742693 0.08233616844542897 0.08046404465475251 0.0781949532085014 0.07622703754228813 0.07467608312811802 0.07316939987343926 0.07120961661815094 0.069540166672312 0.06838574848313665 0.06653670351562053 0.05941148819863593 0.06142094030463878 0.06108158886998278 0.0601408848436644 0.058468644076758176 0.057283750892621436 0.055813338679641195 0.05405308599625597 0.05357255753605796 0.051857234214599916 0.01343361697481001 0.013384403391537583 0.013051985877147643 0.012913951666212295 0.012530371380793265 0.012149694701902854 0.011780086752833704 0.01118268390191127 0.011441364734327353 0.011118790901112927 0.010979970536474709 0.010677990751329544 0.010508808256365954 0.010249429693571217 0.010195676355482986 0.009729451817385265 0.009765319071296557 0.00943644850634268 0.009333289773062985 0.00913089211437869 0.008755286444504138 0.008541149976541621 0.00839483404721744 0.008416524523348795 0.008273556065608317 0.008130498312321453 0.008032105197878175 0.008038350239461393 0.008061745333758958 0.008184673918185706 0.0064129423770899075 0.006011783157758216 0.006898177198387122 0.007067371104530131 0.007251183457980977 0.007127142078638757 0.007437261616794209 0.007449451653332473 0.006252193043302932 0.006297727268756616 0.007266258632270513 0.0072799577095541195 0.0077376562150698125 0.00660466640502088 0.00726909896979706
0.45792273696649527 0.4868307184344969 1.0 0.5127566661534642 0.5049463603273276 0.4900701821621448 0.47127035796743544 0.44793207400102414 0.42645836835997925 0.40362104394825143 0.3809782743973866 0.35964497126214523 0.3391495765337179 0.3200221777949035 0.30267841906577825 0.28702032841799546 0.27299527075280466 0.2608887287081088 0.2502666701719853 0.2410481581333665 0.2332132516406559 0.22654454935497265 0.22081153914498874 0.21582120894768492 0.21158558330246666 0.2074334698661366 0.20324805376562732 0.19947653000026774 0.1951212292560535 0.19116231816786322 0.18755900497909436 0.18484094585226105 0.18224516291329645 0.1791028923694213 0.17625457568968167 0.17343579670049986 0.17072572020591004 0.16828602934214187 0.16561126061719705 0.16311365447514373 0.1608971407208433 0.15821797122966202 0.15566915365778933 0.15315288538881022 0.15101266293149473 0.14859044224846818 0.14625757561666192 0.14414011200076782 0.14165994145875124 0.13951019261696918 0.13701198498541392 0.13504989844613696 0.13222705313420974 0.12989634504783854 0.12761540827395632 0.12527830149014102 0.12298618279641968 0.12094530313472605 0.1186895970416926 0.1160970597351577 0.11413771536851383 0.11124247986810058 0.10933205609295704 0.10745968332216531 0.10460830518632554 0.10247358018839753 0.10039542194379264 0.09852156216829999 0.09648554750258125 0.09411660201223711 0.0924089494301283 0.08990687776555127 0.08758292642993645 0.08576019649998372 0.08431531284761377 0.0823976988010276 0.08007365434451573 0.07805808956747874 0.07646955809362838 0.07492640844345576 0.07291932156975453 0.07120957702506628 0.07002725958404153 0.06813366956766014 0.06083731173541645 0.06289487077759474 0.06254727113745756 0.06158390256680904 0.059871458503371035 0.05865806712892435 0.0571523173194529 0.05534978353394373 0.05485768148084416 0.053101170453679236 0.013755849498828623 0.013705447285500874 0.013365049188950835 0.013223697866275065 0.012830911860517984 0.012441100002332561 0.012062623132533111 0.011450888621017008 0.011715770527528988 0.011385457500505411 0.011243305379067068 0.01093408109772122 0.010760839295614685 0.010495238532663905 0.010440194656611761 0.009962787684969644 0.009999514066208484 0.009662755512662947 0.009557122001649584 0.009349869715371707 0.008965255650205409 0.00874598324364535 0.008596157920661028 0.00861836816839591 0.008471970709328742 0.00832548186364641 0.0082247288356636 0.00823112339893897 0.008255079327871161 0.008380955744950251 0.006566735054024213 0.006155955275471298 0.0070636063361126265 0.007236857670208699 0.0074250780314020015 0.007298061861778726 0.007615618460984156 0.007628100761308875 0.00640213002683055 0.006448756183194617 0.007440514327072086 0.007454541884324218 0.00792321663635656 0.006763056025799153 0.007443422630046436
0.451191683591287 0.48571821168539653 0.5127566661534642 1.0 0.5354530492983481 0.5262255004353728 0.5100533092471307 0.4869593795289337 0.46450404811672524 0.4396626680176418 0.4144883022177332 0.39044792754446 0.36719991426694315 0.34542949361233277 0.3256488323438892 0.3077831616616613 0.29178716783383024 0.27796331536586383 0.26583794556922385 0.2553124679366319 0.2463512977994729 0.23871009989172465 0.23213301374673814 0.2264060261914001 0.22153197669933136 0.21680015974527267 0.21208361448857802 0.2078439471673086 0.20303696182878725 0.1986796177294806 0.1947243489186381 0.19171598873934062 0.18885841192922473 0.1854562942926161 0.18237819434143854 0.17934791362643238 0.17644530542459663 0.17383549736616455 0.1709946885789786 0.16834732329097246 0.16599921532175346 0.1631819373734557 0.1605064281530166 0.15787090769908987 0.155628597461049 0.15310057481936537 0.15066899083490923 0.1484631132476737 0.1458870305636345 0.14365421752140742 0.14106522925871295 0.13903052567629237 0.13611175031903547 0.13370141850316966 0.13134389700143068 0.12892995604502772 0.12656353997206835 0.12445673246455403 0.12212979275168052 0.11945710260272192 0.11743666160042468 0.11445393011667077 0.11248501251389129 0.11055571544179932 0.10761964498646168 0.10542124925615665 0.103281374726081 0.10135195425630397 0.09925596801565022 0.0968177157585385 0.09505992825960718 0.09248510213833479 0.09009366001096726 0.08821793812627081 0.08673099820643328 0.08475787860217558 0.08236677563217186 0.08029306483102389 0.07865867911447981 0.07707102910719532 0.07500621223471456 0.07324729155269134 0.07203092678936944 0.07008297014374716 0.06257771592467036 0.06469400025815945 0.06433633655131467 0.06334530629473786 0.0615837915402728 0.060335616739906055 0.05878673462889764 0.056932592613943525 0.05642636504446338 0.05461957984728321 0.014149182620729573 0.014097329815250628 0.01374719048226202 0.013601790358092314 0.01319776757112701 0.012796805003789637 0.012407502404777167 0.011778274018298888 0.012050725414173001 0.011710965601433993 0.011564746642104981 0.01124667940080241 0.011068482648144794 0.010795286774954806 0.010738667647630493 0.010247610804360346 0.010285385925720932 0.009938998874880702 0.00983034453812968 0.009617166439787014 0.009221556229018936 0.008996014617945263 0.008841905542660077 0.008864750269271096 0.008714167185141114 0.00856349016000175 0.00845985649433124 0.008466433581821546 0.008491074106599808 0.008620548828121412 0.006754463399918736 0.006331940207897056 0.007265538836884994 0.0074437429094346245 0.00763734394707447 0.007506696577240596 0.007833331292564487 0.007846170349947296 0.0065851519128865416 0.006633110946067267 0.007653221064046067 0.00766764958492486 0.00814972258990668 0.006956395704934124 0.00765621233533743
0.4353371241057203 0.4723684121685806 0.5049463603273276 0.5354530492983481 1.0 0.5507767128701806 0.5405760232554755 0.520194479029463 0.4984224882393218 0.4726721474517669 0.44564149720845264 0.4192786478112989 0.3934769146806315 0.3691460798778967 0.34694162618131963 0.32684395273988937 0.3088345916641306 0.2932419732442302 0.2795610698386763 0.2676785216045883 0.257543510984598 0.24888570799436324 0.24142466434304774 0.23492577820884783 0.22938120487694375 0.22404615508727377 0.2187839300386778 0.21406499060603018 0.20880852689957466 0.20405697362559305 0.19975553777958097 0.19645732021043974 0.19334102963433505 0.18969218629447976 0.1863972193230138 0.1831708566805092 0.18009233870555566 0.17732793863045976 0.17434141371051773 0.17156413827831615 0.16910228410680436 0.1661718031421851 0.1633940526264225 0.16066434673387617 0.15834117618758914 0.15573291025030095 0.1532277289460162 0.15095642866932157 0.1483125606851941 0.14602107706719658 0.14337055331370868 0.14128599857862847 0.13830537598476517 0.13584349742604787 0.13343707732415422 0.13097492471431518 0.1285624473818087 0.12641488861997485 0.12404479546036484 0.12132449193779372 0.11926746613713704 0.11623388966898346 0.1142305450551801 0.1122679738043823 0.10928353578410091 0.10704862351612564 0.1048735087149663 0.1029124144773989 0.10078247203933641 0.09830525531141823 0.09651917806804214 0.09390371401721079 0.09147462431515105 0.08956930836830525 0.08805885214225467 0.08605488071647753 0.08362663084916568 0.08152071713789912 0.07986091953924775 0.07824863431032426 0.07615194790957323 0.07436588064401972 0.07313069601148378 0.0711527861122644 0.06353279567433166 0.06568122404448777 0.06531796475343317 0.06431169278622337 0.06252319994670658 0.06125589389338718 0.059683307872042485 0.05780081929532092 0.05728681119391639 0.055452422100914174 0.01436491805384175 0.014312263933603676 0.013956776918231108 0.013809151854101857 0.013398962579665436 0.012991881357518494 0.01259663887505289 0.011957814225815383 0.012234414602865937 0.011889472291592942 0.01174102144524196 0.011418103386694875 0.011237188157047192 0.010959826180751659 0.010902342251497776 0.010403799357806661 0.010442148838290375 0.010090481193575265 0.009980169779388396 0.009763741693449091 0.00936210120094375 0.009133121445794088 0.008976663020204716 0.008999855383423428 0.008846976837275086 0.008694002984650109 0.008588789517314805 0.008595466521137044 0.008620482292573811 0.008751930012542507 0.0068574043901597275 0.006428441606978715 0.007376268511396594 0.007557188342240584 0.0077537398024464434 0.007621101206198 0.007952713840767709 0.007965748475183236 0.006685511646464706 0.006734201526599789 0.007769858360492926 0.007784506717965469 0.008273926595771792 0.00706241304005839 0.007772895022328093
0.41732249087035894 0.4548436014596593 0.4900701821621448 0.5262255004353728 0.5507767128701806 1.0 0.5646469773576371 0.5502035767024861 0.5313578055935035 0.5061562173087729 0.47812613143878535 0.4498756873869213 0.4216725336735382 0.3947583993345549 0.370008485382806 0.3475071600693288 0.32729395234270414 0.3097436195536247 0.2943281531413915 0.2809245556808943 0.2694688577182978 0.25966425557077666 0.25120441991085424 0.24383266136959791 0.23752919809939246 0.23151300350320775 0.22563672922559588 0.22037911696945559 0.2146213832526618 0.20943104439304308 0.20474506706320633 0.20112371413383381 0.1977199120800643 0.1937999389418958 0.19026714149166982 0.18682689342480965 0.1835573545408533 0.1806253940740208 0.17748259573189812 0.17456652329607045 0.17198330078852822 0.1689340825616567 0.16604966418585257 0.1632224290581347 0.16081545479423598 0.15812530400390667 0.1555455005908783 0.15320805855058958 0.15049687928092204 0.14814715230397188 0.145436575376834 0.14330311137105153 0.14026345572200338 0.1377522843837137 0.13529940067557564 0.13279181073247626 0.1303361736366965 0.1281504860611399 0.12574041580291745 0.12297644139286107 0.12088572247157811 0.1178060461038112 0.11577127698642202 0.11377844292873195 0.11075056143461225 0.10848277439709914 0.10627600990601863 0.1042864945182559 0.1021261972032552 0.09961428601033072 0.09780296743983043 0.09515145110239827 0.09268898729974988 0.0907574193927387 0.08922608781336447 0.08719482208083133 0.08473377254937392 0.08259942809168526 0.08091718693041668 0.0792831574233481 0.07715838678277272 0.07534839768080881 0.07409661618600426 0.07209234098300811 0.06437153882850256 0.06654815360747197 0.06617994313356923 0.06516025440793188 0.06334804427173744 0.0620639152297463 0.060470495123537915 0.05856309975861927 0.05804224409008459 0.056183605818721734 0.014554317071580803 0.01450095654667586 0.014140772221185507 0.013991191656802317 0.013575586977476423 0.013163132662911496 0.012762674304644143 0.012115424255936423 0.012395665719042211 0.012046173000380868 0.01189576206143782 0.011568585039103756 0.01138528279564988 0.011104263131604146 0.011046019559998588 0.01054090481757843 0.010579758104078288 0.010223454734830469 0.010111688425259927 0.009892407205538427 0.009485473045706452 0.009253475065840127 0.009094954196328215 0.009118451572175482 0.008963557926343567 0.008808567793452765 0.008701967470009593 0.008708732093110802 0.008734077179007017 0.008867256731888394 0.006947766189190927 0.0065131506791329214 0.007473467142638438 0.0076567708304842745 0.007855912138552065 0.007721525611872478 0.008057507836139389 0.008070714122363884 0.0067736073752298195 0.006822938775231956 0.00787224248892429 0.00788708380294066 0.008382952744010262 0.007155474936058944 0.007875318940844884
0.3987642084995004 0.4354504874640501 0.47127035796743544 0.5100533092471307 0.5405760232554755 0.5646469773576371 1.0 0.573950849349734 0.5612752057359996 0.5388963102543258 0.5113264726947182 0.4820372731640706 0.45185213115750467 0.42249217794321325 0.395162771436893 0.37012653588517513 0.3475301415425442 0.3278276817203759 0.31048398518112025 0.295376505166991 0.2824332880939364 0.27133213127237316 0.2617402885878211 0.25337781685900795 0.246212026365056 0.23942285590311527 0.23285132296408828 0.22698430681433068 0.22066263129850547 0.21497938459537186 0.20986211709711697 0.2058774968704005 0.2021512573433107 0.19792970786507103 0.1941328122934852 0.1904560209429855 0.18697595354533791 0.18385960125345513 0.18054620253307538 0.17747905607272285 0.174763875415452 0.17158725073995784 0.1685888620217115 0.16565804190709332 0.16316200570778802 0.16038591150586026 0.15772820118463454 0.1553218735797806 0.15254164074335755 0.15013217966028458 0.14736091837697757 0.14517780203258557 0.14207967242190028 0.1395195927623322 0.13702087755624406 0.13446880965054075 0.131971155179246 0.1297483995658561 0.12729983438649894 0.12449421782851021 0.12237124118525664 0.11924811195951975 0.11718352187353819 0.11516207311814039 0.11209363462326957 0.1097950840373946 0.10755877560832719 0.10554275454612952 0.10335425845754195 0.10081025031762134 0.0989755298772104 0.09629078900574732 0.0937975934498139 0.09184183526007172 0.09029125334206067 0.08823490843291935 0.08574378361553815 0.08358337335059288 0.08188054734284633 0.08022658743768886 0.07807611982113583 0.07624424274430237 0.07497726308990083 0.0729488934543501 0.06513614037762444 0.06733840839586061 0.06696564776124476 0.06593369711466372 0.06409984120405082 0.06280035450267928 0.061187924712971804 0.05925781134218295 0.058730698852755725 0.05684994738283825 0.014726916749625861 0.014672909606321666 0.014308442189895314 0.014157077430586898 0.013736536001160097 0.013319183810444606 0.012913971113156062 0.012259042367874718 0.012542600581183845 0.012188960501368348 0.012036762667514345 0.01170570412658236 0.011520226197411117 0.011235873106589174 0.011176936864256137 0.010665833503487829 0.010705145478772016 0.010344617790140521 0.010231525523658375 0.010009644340171037 0.009597886498368815 0.009363138201578544 0.009202737925447377 0.009226513077120782 0.009069783203560892 0.008912955785006303 0.00880509170326656 0.008811936075880553 0.008837581145353657 0.008972338618144678 0.007030100818238804 0.006590334692967118 0.0075620311744899905 0.007747506912312275 0.007949007964374562 0.007813028754675034 0.00815299236511251 0.008166355028971424 0.006853877002526108 0.0069037929151094714 0.007965531149735174 0.007980548263051385 0.008482293338135502 0.007240269482698446 0.007968643803986866
0.37826224395423613 0.4130936578975686 0.44793207400102414 0.4869593795289337 0.520194479029463 0.5502035767024861 0.573950849349734 1.0 0.5812889653409476 0.5651437458928572 0.540485216986314 0.5118012036269612 0.48067253868288407 0.4494740000059566 0.419882910954729 0.39244558008656083 0.36748858379033567 0.3455931114947272 0.32624765716276705 0.3093486990636186 0.29482689366766063 0.2823407016483138 0.2715342567639622 0.2621059593210958 0.25401010177239414 0.24638989666612807 0.2390748831761511 0.23255719952471218 0.22564163662550016 0.21944095052402443 0.2138724613983144 0.20950507670586568 0.20544100040226718 0.20091025331413095 0.19684363456101897 0.19292785728285358 0.18923704711117367 0.1859368134036896 0.18245718226995403 0.17924406988247232 0.17640176159907558 0.17310734873866376 0.1700050117382459 0.1669815583196779 0.16440568544021147 0.16155580970978253 0.1588324755025158 0.15636863007151744 0.15353399108242616 0.15107751188666954 0.14826133858888393 0.1460407360635505 0.14290310370343404 0.14030971095460704 0.13778065742976336 0.13520026720906309 0.13267662163018623 0.13043110715744535 0.12796014101940892 0.12513167184347182 0.12299055021958426 0.11984529428119126 0.11776482694580238 0.11572849823287092 0.11264075694030075 0.11032731045989552 0.10807695059520807 0.10604840837225206 0.10384697534720105 0.10128870741698975 0.09944341346602381 0.09674436318041736 0.09423801870352312 0.09227185120600534 0.09071293485391918 0.08864605048754821 0.08614250738023649 0.08397134657567457 0.08226000154610884 0.08059783977476277 0.07843695495976302 0.07659620627984838 0.07532302256595506 0.07328499090753345 0.06543599690114756 0.06764817718083381 0.06727350150303002 0.06623663103561597 0.06439419714921688 0.06308861003996584 0.06146866367689018 0.05952959500062093 0.0589999768894352 0.05711052629044438 0.01479440189444514 0.014740131694553212 0.014373980982538986 0.014221910973430634 0.013799433317821711 0.013380161221632214 0.012973085686734819 0.012315152440046754 0.012600002563236005 0.012244738877770112 0.012091840032750028 0.011759262717921808 0.011572932702053796 0.011287275664121575 0.011228067140994558 0.010714623416180315 0.010754113200156843 0.010391934637431705 0.010278323546837236 0.010055426162501466 0.009641783891593734 0.009405960944003455 0.009244826199331885 0.009268709307671876 0.009111261969395214 0.00895371673640652 0.008845358842436687 0.008852234046752115 0.008877995975021633 0.00901336932333341 0.0070622493617841595 0.0066204719715552965 0.007596611747411346 0.007782935444624408 0.007985357750880264 0.007848756560366208 0.008190274619396264 0.008203698251086055 0.0068852184040718465 0.006935362479841222 0.008001955720903358 0.008017041419376656 0.008521080775570589 0.007273377390033206 0.008005082321609226
0.3605439999366153 0.39326027691589077 0.42645836835997925 0.46450404811672524 0.4984224882393218 0.5313578055935035 0.5612752057359996 0.5812889653409476 1.0 0.5873942630413669 0.5688425461323233 0.5429268760589936 0.5121821877999132 0.47985720776428376 0.44829982383133293 0.4184909555326308 0.39104572680406946 0.36675070957747874 0.34516070568322277 0.3262202981642139 0.30988028577496673 0.2957870772764752 0.28356420741094274 0.27288864920929956 0.2637022437016498 0.2551051126818676 0.2469140333165542 0.23962911294566397 0.23201056218907712 0.22519704229040274 0.21909390055255504 0.21427422583989003 0.20981056981057353 0.20491197906409916 0.20052432624337055 0.19632334348056743 0.1923804682994759 0.18886017237205013 0.18518023036047332 0.18179083639385565 0.17879492734117824 0.17535628779298648 0.17212613039010094 0.1689880317285733 0.1663134648981088 0.16337100167138335 0.16056477018253731 0.15802805008401208 0.15512298283466647 0.15260562669731623 0.14972990456621688 0.14745999279204894 0.14426801481907056 0.14162895235761974 0.13905780865925116 0.13643746963717293 0.13387669838909372 0.13159856927023572 0.12909472041453607 0.1262317835423592 0.12406360906998666 0.1208837615900415 0.11877900238254153 0.11671964824851426 0.11360069913082936 0.11126337795063797 0.10899029272532303 0.10694143034602865 0.10471868576325241 0.10213653176656041 0.10027368154658624 0.0975502663026213 0.09502145428462286 0.09303755439242846 0.09146448627877549 0.08937941928676936 0.08685424746311393 0.08466435111807212 0.08293818698557483 0.08126171420027892 0.07908250353020686 0.07722614657599289 0.07594209001822254 0.07388695954399302 0.0659732158869263 0.06820330221078894 0.06782532537117338 0.0667797509696568 0.06492203743523058 0.06360559799024211 0.06197224614297682 0.060017178888869704 0.059483123290262056 0.05757811420286941 0.014915510051671717 0.014860777976389291 0.014491615053474672 0.014338287030817236 0.01391234062041804 0.01348962794046469 0.013079213292079986 0.0124158903813035 0.012703063852198033 0.012344888473882543 0.012190733943384978 0.011855432178990044 0.011667574423134455 0.0113795779360675 0.011319882228163072 0.010802237373533842 0.010842047781731364 0.01047690577722443 0.010362363994172013 0.010137642582220809 0.009720616945274886 0.00948286474040126 0.009320411562043987 0.009344489057937251 0.009185753680013392 0.009026919716040081 0.008917675325030513 0.008924606208313918 0.008950578281386599 0.00908705794947981 0.007119986345042774 0.006674596980851379 0.007658716834354442 0.007846563562477853 0.008050640525593853 0.007912922390846506 0.008257232283654482 0.008270765501698434 0.006941506641467887 0.006992060552193484 0.008067373313935566 0.00808258224520457 0.00859074212744768 0.007332838475627865 0.0080705251505689
0.34238292516994673 0.37265843661078846 0.40362104394825143 0.4396626680176418 0.4726721474517669 0.5061562173087729 0.5388963102543258 0.5651437458928572 0.5873942630413669 1.0 0.5877988381160414 0.5680878101327415 0.54016991984522 0.5083385909393101 0.47581915031628186 0.4442140980362161 0.41457209927763505 0.38799003192708964 0.36416073595833187 0.3431237610309306 0.32487964409111214 0.3090806980073064 0.29534047451095213 0.28332056252080245 0.27295322683182965 0.26329816206170226 0.25416037780349415 0.2460465120589465 0.23767492104779137 0.23020619021609778 0.22353271110535675 0.2182283376821127 0.21333815462722375 0.2080527078003484 0.20332842157146921 0.19883068171337984 0.19462729774915993 0.19088024295743333 0.1869973232734308 0.18343044162422187 0.18028025021137334 0.17670115188992114 0.17334782952052147 0.17010097050614492 0.1673326200645658 0.16430520158605577 0.16142411420889702 0.1588220867021419 0.15585705153487045 0.153287913239478 0.1503644006119992 0.1480541535752849 0.14482248897089525 0.14214978029856246 0.13954858880222248 0.13690097438806983 0.1343157231591725 0.13201628650427932 0.12949238288387988 0.12661006850117473 0.12442614223965771 0.12122896171545926 0.1191111469514167 0.1170398613878988 0.11390699903660302 0.11155869833285625 0.10927549486716243 0.10721769790930927 0.10498609203261691 0.102394632320033 0.10052470118312161 0.09779241004164622 0.09525553375610404 0.09326518690225112 0.09168690320985658 0.08959557537062147 0.0870632654818796 0.08486720315882042 0.08313612093494768 0.08145496404225369 0.07926997837854835 0.07740870492842951 0.07612116087746483 0.07406079241307349 0.06612811822663096 0.06836315324852371 0.06798403574588363 0.06693579113566346 0.06507354307060248 0.06375386234898779 0.062116556269071234 0.060156809602829514 0.05962139951639682 0.05771186536310397 0.014950135747457583 0.014895256803765461 0.01452522016034588 0.014371521397739881 0.01394457456685258 0.013520871143952009 0.013109496133111064 0.012444629107924342 0.012732459727150877 0.012373448951541455 0.012218932011006392 0.011882849670995966 0.011694553081623487 0.011405886856395245 0.011346049757081412 0.010827205418887835 0.010867105273626824 0.010501117161120779 0.010386308728805296 0.010161066342542317 0.009743075683505945 0.009504772906214029 0.009341943306511693 0.00936607543602018 0.009206972502091852 0.009047770876998535 0.00893827347528802 0.008945219771292885 0.00897125130022328 0.009108045711111372 0.007136430557969158 0.0066900122478418325 0.007676404680439315 0.007864684978790809 0.008069233011597725 0.007931196614345203 0.008276301465906787 0.008289865762695511 0.006957537020687342 0.007008207560814522 0.008086003459042502 0.008101247404842717 0.008610580681926838 0.007349772082335448 0.008089162209156465
0.32474263045297075 0.35250096061751957 0.3809782743973866 0.4144883022177332 0.44564149720845264 0.47812613143878535 0.5113264726947182 0.540485216986314 0.5688425461323233 0.5877988381160414 1.0 0.5847198062951408 0.5629894140498787 0.5340165710274839 0.5020867019013386 0.46963605783674556 0.4383308870445154 0.40972159465787195 0.3837412324624111 0.3605938313977256 0.3403753068333369 0.3227722147869867 0.3074053182844559 0.29393098079394464 0.2822776941911823 0.2714675592618994 0.26129565807481947 0.2522754409035936 0.24308417063021445 0.23490284499857775 0.2276098591492654 0.22177756516096928 0.21642399526897652 0.21072215785058637 0.20563629465478245 0.2008214382387275 0.1963409404652393 0.19235320097632028 0.18825721933441406 0.18450486808987712 0.1811937545560001 0.17747123931874104 0.17399312613464063 0.1706373265281956 0.16777494213991306 0.16466456627014128 0.16171130873126 0.15904670923599756 0.15602666028362333 0.1534100670646827 0.15044509418576912 0.1480992001840175 0.1448365035082553 0.14213720822542167 0.13951317917812556 0.13684604247101684 0.1342441512825674 0.1319304399192835 0.12939461512541894 0.12650264919680626 0.12431020910386688 0.12110699990983505 0.11898342375848235 0.1169074444107142 0.11377212603116343 0.11142136615371877 0.10913639742439994 0.10707721713408398 0.1048450410829589 0.10225402502867771 0.10038400288226684 0.09765323029128811 0.09511796256357259 0.09312874299032575 0.09155123717809464 0.0894616701658391 0.08693198982431292 0.0847382351588093 0.08300890724886403 0.08132955754945696 0.07914727203775261 0.07728830198149046 0.07600225420493609 0.07394466505104565 0.06602407983042467 0.06825527649915776 0.06787647183259043 0.06682963529381769 0.06497012362142598 0.06365235073318348 0.062017487086366105 0.060060723968570665 0.059526043602993635 0.05761945523605061 0.014926172110226591 0.014871358940514967 0.014501896694798146 0.0143484277223172 0.01392215224662864 0.013499117411561054 0.013088393278566179 0.012424587222345827 0.012711945821079824 0.012353506126515784 0.012199231768166037 0.011863685685652797 0.011675687859494471 0.011387483031264207 0.011327738696814981 0.010809728487679738 0.010849561058032529 0.010484161329131799 0.010369536088550133 0.010144655535706351 0.009727338330928025 0.009489419052321077 0.009326851244332357 0.009350943279523915 0.009192096426654124 0.00903315117943362 0.00892382995845813 0.008930764361822293 0.00895675322691728 0.009093326029677735 0.0071248968630399975 0.006679199726202862 0.007663997610731307 0.007851973304725535 0.008056190457811219 0.00791837693732049 0.008262923755563978 0.008276465931431314 0.00694629063399567 0.006996879137173544 0.008072932696036612 0.008088151879783128 0.008596661714169522 0.0073378911194359455 0.00807608593112428
0.3083350478877053 0.33366597610055626 0.35964497126214523 0.39044792754446 0.4192786478112989 0.4498756873869213 0.4820372731640706 0.5118012036269612 0.5429268760589936 0.5680878101327415 0.5847198062951408 1.0 0.5783048706880735 0.5554549618916884 0.5263863992844653 0.4945640284948865 0.4624826432151172 0.4323297624076015 0.40441851278639973 0.3792171009726337 0.35698488595577843 0.33748615122101566 0.3203759662871173 0.3053219794141755 0.29225915893060606 0.2801757711406025 0.2688602511478325 0.25883537565966075 0.24873606646076943 0.23976507153002993 0.23178571508967055 0.22536782823442286 0.21950084903550576 0.21333956709336108 0.20785521720061684 0.20269175242690912 0.19790732720946116 0.19365596616540318 0.18932781328260206 0.18537382772175867 0.18188797333400708 0.17801122644048337 0.17439942009122053 0.17092754905542057 0.16796495933938277 0.16476728560196788 0.1617385621567788 0.15900874655517863 0.1559326107694746 0.1532676729364415 0.15026170948943882 0.14788021185740202 0.1445887481559551 0.14186463803531568 0.13921985334326847 0.13653574884236203 0.1339199954192593 0.13159454298849596 0.1290500125708151 0.12615252585924755 0.12395456444424391 0.12075044947413786 0.11862430253160157 0.11654685861888012 0.11341450250591406 0.11106527414748456 0.10878249229509863 0.10672551465732251 0.10449676411956753 0.10191095863018317 0.10004423811401135 0.09732013062068452 0.09479127272037992 0.09280693194940134 0.09123316560508839 0.08914936732694664 0.0866272265162854 0.0844400406659003 0.08271581860074693 0.08104154281480314 0.07886624339154573 0.077013228071565 0.07573119129710794 0.07368044963332286 0.06578777516587711 0.06801062624589965 0.06763286027252387 0.0665895008804266 0.06473642825767585 0.06342318350838473 0.06179402188871626 0.05984415071163444 0.059311258090281344 0.057411428184880056 0.01487225529786088 0.014817615316977827 0.014449466709626685 0.01429653357375686 0.013871783371524634 0.013450264822259052 0.01304101479915674 0.012379601255761055 0.012665909936028452 0.012308760113889892 0.012155037336074835 0.011820700584914681 0.011633378431861862 0.011346213205137188 0.011286681161585555 0.010770544888754802 0.010810229853275111 0.010446151978225814 0.01033193985704222 0.010107872509943777 0.009692066614908694 0.009455008457847074 0.009293028767464108 0.009317032197170004 0.009158760314778592 0.009000390548429446 0.0088914649667149 0.008898373473566996 0.008924267412443301 0.009060344266691419 0.007099054229200942 0.006654973323080654 0.007636198845863044 0.007823492387496548 0.00802696849698668 0.007889654599455558 0.008232951397471572 0.008246444232536376 0.00692109379243849 0.006971498644886432 0.008043648773960438 0.008058812616381457 0.008565477735423654 0.007311273173506541 0.0080467901136889
