{"attributes": {"type": "DifferentialExperiment", "particle": "neutron", "parameter": "crossSection", "nuclide": "U-238", "reaction": "n,gamma", "library": "ARIADNE", "documentation": "EXFOR No. = 23234004 \nJournal article = F.Mingrone et al., PR/C,95,034604,2017.\n- 23234004 and 23234005 are from the same raw data, but 23234004 is given with broader energy bins. I take 23234004 as the Standards use averaged data.\n- We decided to truncate data due to the second concern above 80 keV. Roberto Capote mentioned background concerns.\n- A well-documented data set. I have two areas of concern: The one area of concern is that the neutron flux is evaluated using several reactions as we have previously seen for n_TOF measurements. My second area of concern is the fact that a strong deviation from VIII.1 can be seen from 80 keV to 400 keV. They agree with Ullman data but disageree with Carlson 2009 data. No justification is given in the paper.\n- In EXFOR, it is written: \"Flux was monitored during measurement by a silicon based neutron beam monitor (SiMoN) relying on 6Li(n,t) reaction.\" However, the data are only given as 238U(n,g) cs in EXFOR not in ratio to 6Li(n,t) cs. For the Standards, it would be better to have the 238U(n,g)/6Li(n,t) ratios. I wonder if we could get them? ... Reading the journal article, this is the typical n_TOF evaluated neutron flux. There is little hope in getting ratio data. So, I will move forward without it.\n- The method used is the \"total energy detection technique\".\n- The sample mass uncertainty of 0.1% is on the low end but realistic for a metal sample.\n- There is no impurity uncertainty given but the sample has extremely high purity. Therefore, I set this to 0.\n- All uncertainties expected by the templates of expected measurement uncertainties are provided.\n- All important effects were corrected as far as I can see.\n", "date": "2026-07-17", "Author": ["F.Mingrone", "C.Massimi", "G.Vannini", "N.Colonna", "F.Gunsing", "and n_TOF Collaboration (100+ authors)"], "Year": "2017", "Absolute": "y", "GMAnumber": "6013", "MonitorReaction": "(3-LI-6(N,T)2-HE-4,,SIG)", "EXFORnumber": ["23234004"], "CorrelatedData": ["23234005"], "Facility": ["SYNCH", "2ZZZCER"], "Institute": ["2ZZZCER", "2ITYUBO", "2ITYBAU", "2FR SAC", "3CROZAG", "and 40+ other institutes"], "Isotope": "U-238", "quantity": "cs", "MeasurementType": "TED", "ConcernEXFOR": "None", "AcceptedVsRejected": "accepted", "BackgroundCorrected": "y", "AlphaBackground": "N/A", "CosmicRaysBackground": "N/A", "GammaBackground": "y", "RandomCoincidenceBackground": "y", "ShadowBarBackground": "N/A", "WrapAroundBackground": "y", "SampleGammaRaySelfabsorption": "N/A", "SampleFoilGeometryCorrection": "N/A", "SampleNeutronFluxCorrection": "y", "SampleNeutronFluxContaminationCorrection": "unknown", "MonitorGammaRaySelfabsorption": "N/A", "MonitorFoilGeometryCorrection": "N/A", "MonitorNeutronFluxCorrection": "N/A", "MonitorFluxContaminationCorrection": "N/A", "NeutronMultipleScatteringSampleBackingCorrected": "y", "NeutronMultipleScatteringSurroundingCorrected": "y", "NeutronAttenuationSampleBackingCorrected": "y", "NeutronAttenuationSurroundingCorrected": "y", "EfficiencyCorrected": "y", "StoppingPowerCorrected": "N/A", "SampleRoughnessCorrected": "unknown", "SampleDecayCorrected": "y", "FissionFragmentAbsorptioninSampleCorrected": "N/A", "SignalPulsePileupCorrected": "y", "DeadtimeCorrected": "y", "AngularDistributionFissionFragmentsCorrected": "N/A", "ImpuritiesCorrected": "y", "SelfShieldingCorrected": "y", "ForwardBoostCorrected": "N/A", "MissingCorrections": ["none"], "CaptureDetector": {"Type": ["SCIN (C6D6)"], "ParticleDetected": "gamma", "Efficiency": "unknown", "EfficiencyMethod": ["Pulse Height Weighting Technique (PHWT)", "MC"], "FFAbsorptionAngularDistributionMethod": "N/A", "AngularAcceptaneofDetector": "90 degrees", "Gas": {"Type": "N/A", "Purity": "N/A", "Pressure": "N/A", "Pressure_unit": "N/A"}, "Size": {"geometry": "cylinder"}, "NoPhotomultipliers": 2, "Weight": "unknown", "StructuralMaterial": ["C6D6 liquid", "deuterated benzene"], "ReferenceDetector": "C6D6", "DistanceDetectorSample": 0.9, "DistanceDetectorSample_unit": "cm", "CountingTime": "unknown", "CountingTime_unit": "N/A"}, "NeutronDetector": {"Type": "Si-based monitor (SiMoN)", "Number": 1, "ParticleDetected": "t", "Efficiency": "unknown", "ResponseDeterminationMethod": "ratio to Li-6(n,t) reaction", "EfficiencyRatioDeterminationMethod": "ratio to Li-6(n,t) reaction", "CoincidenceEfficiencyMethods": {"Measured": "unknown", "ReferenceDetector": "N/A", "MonitorReaction": "(3-LI-6(N,T)2-HE-4,,SIG)", "Assumption": "N/A"}, "EfficiencyDeterminationMethod": "unknown", "Angle": 0, "Angle_unit": "deg", "Gas": {"Type": "N/A", "Purity": "N/A", "Pressure": "N/A"}, "Size": {"geometry": "unknown"}, "NoPhotomultipliers": "N/A", "Photomultipliers": "N/A", "Weight": "unknown", "StructuralMaterial": "Silicon", "Purpose": "Neutron Flux Monitor", "ReferenceReaction": "(3-LI-6(N,T)2-HE-4,,SIG)"}, "Shielding": {"Material": "Al and Kapton foils", "Size": {"Geometry": "encasement", "Thickness": [60, 75], "Thickness_unit": "mum"}, "DistanceFromTarget": "encasing sample", "Purpose": "sample encasement"}, "Sample": {"Activity": "N/A", "Activity_unit": "N/A", "Reused": "unknown", "Number": 1, "Form": "metal", "Mass": 6.125, "Mass_unit": "g", "Length": 53.825, "Length_unit": "mm", "Width": 30.12, "Width_unit": "mm", "Thickness": 0.000956, "Thickness_unit": "atoms/b", "Homogenity": "extremely pure", "Contaminants": {"U-234": 0.0001, "U-235": 0.0011, "U-236": 0.0001}, "BackingMaterial": ["Al", "C\u2082\u2082H\u2081\u2080N\u2082O\u2085 (Kapton)"], "BackingDiameter": "unknown", "Diameter_unit": "N/A", "BackingThickness": [60, 75], "BackingThicknessUnit": "mum", "DecayDeterminationMethod": "N/A", "CoolingTime": "N/A", "Configuration": "unknown", "Fabrication": "unknown", "ImpurityDetermination": "unknown", "NumberOfAtomsInSampleDeterminationTechnique": "unknown", "AngletoBeam": 0.0, "AngletoBeam_unit": "deg"}, "BackgroundMethods": {"General": ["Design", "MC", "Measured (Ag, W, Co, and Al black resonance filters)"], "Wraparound": ["unknown"], "alpha": ["N/A"], "Gamma": ["MC", "Measured (Ag, W, Co, and Al black resonance filters)"], "RandomCoincidence": ["Design", "Measured (Ag, W, Co, and Al black resonance filters)"], "CosmicRays": ["N/A"]}, "NeutronMultipleScatteringMethods": {"InSample": ["MC"], "Surrounding": ["MC"]}, "NeutronAttenuationMethods": {"InSample": ["MC"], "Surrounding": ["MC"]}, "GammaRaySelfabsorptionMethods": {"InSample": ["N/A"], "InMonitor": ["N/A"]}, "NeutronFluxCorretionMethods": {"InSample": ["SiMoN monitor", "saturated resonance method"], "InMonitor": ["N/A"]}, "DeadtimeDeterminationMethod": "unknown", "EnergyDetermination": "TOF", "NeutronBeam": {"Facility": ["SYNCH", "2ZZZCER"], "PulseWidth": "unknown", "PulseWidthUnit": "N/A", "NeutronProducingReaction": ["p,Pb"], "Target": "Pb", "EnergySpread": "1 eV to 700 keV", "Monitor": "(3-LI-6(N,T)2-HE-4,,SIG)", "Diameter": "unknown", "Diameter_unit": "N/A", "TimeGateOpen": "N/A", "TimeGateOpen_unit": "N/A", "TOFLength": {"Value": 182.3, "Unit": "m", "Unc": 2.0, "Unit_Unc": "cm"}, "trsl": {"Value": "unknown", "Unit": "ns", "Measure": "N/A"}, "t0Determination": "saturated resonance method", "IrradiationTime": "N/A", "IrradiationTime_unit": "N/A"}}, "experimental data": {"values": [1.026, 0.811, 0.651, 0.634, 0.585, 0.541, 0.461, 0.446, 0.447, 0.44, 0.39, 0.386, 0.336, 0.301, 0.263, 0.259, 0.23500000000000001, 0.209, 0.201], "uncertainties": [0.0556985241974307, 0.05646745527397558, 0.0572579945790035, 0.05790252821820345, 0.05864108937693441, 0.05935293391294314, 0.06050363790737952, 0.06175135809256682, 0.061464428978542734, 0.06239075691767435, 0.06766372887444166, 0.06286509037113899, 0.06344208855426775, 0.0646563355094006, 0.0671387068948283, 0.06617951754514617, 0.06751177430430046, 0.06924613708009349, 0.07156751089791626], "correlations": [1.0, 0.8246084755919353, 0.6933306305566134, 0.6128373081601092, 0.5586026247331143, 0.520173802227481, 0.4876404205387418, 0.4609803981878825, 0.44992101989787814, 0.4297532024658754, 0.38457305664654734, 0.4044032510557089, 0.3933362631346087, 0.38012167153829163, 0.3614588444497651, 0.36279100774341255, 0.3523841880329567, 0.34083945378410113, 0.3275007200922577, 0.8246084755919353, 1.0, 0.8649941540676346, 0.7651398855974594, 0.6865169076146487, 0.6277471320521665, 0.5785044533292404, 0.5386307514496492, 0.5187772686615044, 0.48810795385288197, 0.4301012744444925, 0.4466474918471696, 0.42996007953219545, 0.4119396458009287, 0.3888553353756464, 0.3878436242946613, 0.37467220183949485, 0.3606753529830704, 0.34510806387481874, 0.6933306305566134, 0.8649941540676346, 1.0, 0.8702054639748451, 0.7933189936019159, 0.7252804273784488, 0.6644496088619454, 0.6138515394403573, 0.5864354517949611, 0.5460760223115035, 0.47563746167739784, 0.4890261726432855, 0.46673899753371856, 0.4438923431246864, 0.4163518469332833, 0.41296495619995915, 0.39699713083970284, 0.38052069373806047, 0.3627022339670718, 0.6128373081601092, 0.7651398855974594, 0.8702054639748451, 1.0, 0.8631761942323289, 0.8036179291806368, 0.7403050020446776, 0.6837974276740129, 0.6513982191045014, 0.6032348614489831, 0.5214408488469019, 0.5321861542873406, 0.5045162052213678, 0.47692129924471216, 0.444919817909626, 0.4391794533933675, 0.42038559371042844, 0.40138868938932776, 0.3812696756226757, 0.5586026247331143, 0.6865169076146487, 0.7933189936019159, 0.8631761942323289, 1.0, 0.8497527688794966, 0.7962863395776272, 0.7410374140904806, 0.7077040554242355, 0.6550064146837752, 0.5641869171645931, 0.5731263330687882, 0.5406810647857866, 0.5087035352200263, 0.47248324431668076, 0.4645001220695766, 0.4429777606148629, 0.4215325447524565, 0.39917130065179995, 0.520173802227481, 0.6277471320521665, 0.7252804273784488, 0.8036179291806368, 0.8497527688794966, 1.0, 0.828293740342655, 0.7826374167350005, 0.7533749265189029, 0.7003695448895818, 0.6035997821259946, 0.6119686128307891, 0.5756021738512853, 0.5397497668773398, 0.499624060218265, 0.48957580712922083, 0.4654468186940112, 0.44163219299692286, 0.41707983599912973, 0.4876404205387418, 0.5785044533292404, 0.6644496088619454, 0.7403050020446776, 0.7962863395776272, 0.828293740342655, 1.0, 0.7991566265898596, 0.7795993963293316, 0.7316234101375112, 0.6335082618711622, 0.6428068121447384, 0.6039611243562882, 0.5652331615884312, 0.5219832544318178, 0.5102152315218029, 0.4838663282188943, 0.4580052570389324, 0.4315500428118518, 0.4609803981878825, 0.5386307514496492, 0.6138515394403573, 0.6837974276740129, 0.7410374140904806, 0.7826374167350005, 0.7991566265898596, 1.0, 0.7887655081925147, 0.75100488164633, 0.6560771825356966, 0.6680879541515388, 0.6282559588708636, 0.5876403650069941, 0.5419661157146782, 0.52885449318831, 0.5006118594031376, 0.4729511054827102, 0.44478835208976897, 0.44992101989787814, 0.5187772686615044, 0.5864354517949611, 0.6513982191045014, 0.7077040554242355, 0.7533749265189029, 0.7795993963293316, 0.7887655081925147, 1.0, 0.7776198708197172, 0.6882280924543767, 0.7052898145761757, 0.665102187070567, 0.6226319048031269, 0.574090613972079, 0.5597082284971648, 0.5291675868344958, 0.4992248838624553, 0.4687981984058728, 0.4297532024658754, 0.48810795385288197, 0.5460760223115035, 0.6032348614489831, 0.6550064146837752, 0.7003695448895818, 0.7316234101375112, 0.75100488164633, 0.7776198708197172, 1.0, 0.7045825405211, 0.7313403133477646, 0.6943516611188026, 0.652182015351143, 0.6021217652829601, 0.5870881876998243, 0.5546930927255829, 0.522734776066991, 0.49021243964599986, 0.38457305664654734, 0.4301012744444925, 0.47563746167739784, 0.5214408488469019, 0.5641869171645931, 0.6035997821259946, 0.6335082618711622, 0.6560771825356966, 0.6882280924543767, 0.7045825405211, 1.0, 0.7019310192744838, 0.67537259543903, 0.6392643823364584, 0.5927315025950937, 0.579175489779577, 0.5476475328239825, 0.5160483547595881, 0.48362420693761143, 0.4044032510557089, 0.4466474918471696, 0.4890261726432855, 0.5321861542873406, 0.5731263330687882, 0.6119686128307891, 0.6428068121447384, 0.6680879541515388, 0.7052898145761757, 0.7313403133477646, 0.7019310192744838, 1.0, 0.7506392335010548, 0.7188310395783303, 0.671353113268333, 0.6589071707453031, 0.6246430370844155, 0.589387110175952, 0.5526300216515638, 0.3933362631346087, 0.42996007953219545, 0.46673899753371856, 0.5045162052213678, 0.5406810647857866, 0.5756021738512853, 0.6039611243562882, 0.6282559588708636, 0.665102187070567, 0.6943516611188026, 0.67537259543903, 0.7506392335010548, 1.0, 0.7312624004598387, 0.6899662048791132, 0.681727959874302, 0.6491015704499499, 0.6141607865287969, 0.5768144276670011, 0.38012167153829163, 0.4119396458009287, 0.4438923431246864, 0.47692129924471216, 0.5087035352200263, 0.5397497668773398, 0.5652331615884312, 0.5876403650069941, 0.6226319048031269, 0.652182015351143, 0.6392643823364584, 0.7188310395783303, 0.7312624004598387, 1.0, 0.6920077903099557, 0.6899093288434497, 0.6609442932648645, 0.6279964535963944, 0.5914754890457051, 0.3614588444497651, 0.3888553353756464, 0.4163518469332833, 0.444919817909626, 0.47248324431668076, 0.499624060218265, 0.5219832544318178, 0.5419661157146782, 0.574090613972079, 0.6021217652829601, 0.5927315025950937, 0.671353113268333, 0.6899662048791132, 0.6920077903099557, 1.0, 0.6768398636668275, 0.6535911075726164, 0.6245157895721648, 0.590546766105732, 0.36279100774341255, 0.3878436242946613, 0.41296495619995915, 0.4391794533933675, 0.4645001220695766, 0.48957580712922083, 0.5102152315218029, 0.52885449318831, 0.5597082284971648, 0.5870881876998243, 0.579175489779577, 0.6589071707453031, 0.681727959874302, 0.6899093288434497, 0.6768398636668275, 1.0, 0.6736938659249789, 0.6482845412690389, 0.6161880691572315, 0.3523841880329567, 0.37467220183949485, 0.39699713083970284, 0.42038559371042844, 0.4429777606148629, 0.4654468186940112, 0.4838663282188943, 0.5006118594031376, 0.5291675868344958, 0.5546930927255829, 0.5476475328239825, 0.6246430370844155, 0.6491015704499499, 0.6609442932648645, 0.6535911075726164, 0.6736938659249789, 1.0, 0.6443136676797723, 0.6162913523656071, 0.34083945378410113, 0.3606753529830704, 0.38052069373806047, 0.40138868938932776, 0.4215325447524565, 0.44163219299692286, 0.4580052570389324, 0.4729511054827102, 0.4992248838624553, 0.522734776066991, 0.5160483547595881, 0.589387110175952, 0.6141607865287969, 0.6279964535963944, 0.6245157895721648, 0.6482845412690389, 0.6443136676797723, 1.0, 0.6081493396211266, 0.3275007200922577, 0.34510806387481874, 0.3627022339670718, 0.3812696756226757, 0.39917130065179995, 0.41707983599912973, 0.4315500428118518, 0.44478835208976897, 0.4687981984058728, 0.49021243964599986, 0.48362420693761143, 0.5526300216515638, 0.5768144276670011, 0.5914754890457051, 0.590546766105732, 0.6161880691572315, 0.6162913523656071, 0.6081493396211266, 1.0], "structure": {"name": "energy-in", "type": "pointwise", "limits": [0.0045000000000000005, 0.0075, 0.0105, 0.0135, 0.0165, 0.0195, 0.0225, 0.025500000000000002, 0.0285, 0.0325, 0.0375, 0.0425, 0.0475, 0.0525, 0.0575, 0.0625, 0.0675, 0.0725, 0.0775], "unit": "MeV"}, "units": {"value": "b", "uncertainty": "relative"}}, "evaluated data": {"library": "ENDF/B-VIII.1", "values": [4.61539e-05, 4.61539e-05, 4.61539e-05, 4.61539e-05, 4.61539e-05, 4.61539e-05, 4.61539e-05, 4.61539e-05, 4.61539e-05, 4.61539e-05, 4.61539e-05, 4.61539e-05, 4.61539e-05, 4.61539e-05, 4.61539e-05, 4.61539e-05, 4.61539e-05, 4.61539e-05, 4.61539e-05]}, "sensitivities": {"values": [[0.0, 0.0, 0.0, 0.0, 0.0, 0.0, 0.0, 0.0, 0.0, 0.0, 0.0, 0.0, 0.0, 0.0, 0.0, 0.0, 0.0, 0.0, 0.0, 0.0, 0.0, 0.0, 0.0, 0.0, 1.0, 0.0, 0.0, 0.0, 0.0, 0.0, 0.0, 0.0, 0.0, 0.0, 0.0, 0.0, 0.0, 0.0, 0.0, 0.0, 0.0, 0.0, 0.0, 0.0, 0.0, 0.0, 0.0, 0.0, 0.0, 0.0, 0.0, 0.0], [0.0, 0.0, 0.0, 0.0, 0.0, 0.0, 0.0, 0.0, 0.0, 0.0, 0.0, 0.0, 0.0, 0.0, 0.0, 0.0, 0.0, 0.0, 0.0, 0.0, 0.0, 0.0, 0.0, 0.0, 1.0, 0.0, 0.0, 0.0, 0.0, 0.0, 0.0, 0.0, 0.0, 0.0, 0.0, 0.0, 0.0, 0.0, 0.0, 0.0, 0.0, 0.0, 0.0, 0.0, 0.0, 0.0, 0.0, 0.0, 0.0, 0.0, 0.0, 0.0], [0.0, 0.0, 0.0, 0.0, 0.0, 0.0, 0.0, 0.0, 0.0, 0.0, 0.0, 0.0, 0.0, 0.0, 0.0, 0.0, 0.0, 0.0, 0.0, 0.0, 0.0, 0.0, 0.0, 0.0, 0.0, 1.0, 0.0, 0.0, 0.0, 0.0, 0.0, 0.0, 0.0, 0.0, 0.0, 0.0, 0.0, 0.0, 0.0, 0.0, 0.0, 0.0, 0.0, 0.0, 0.0, 0.0, 0.0, 0.0, 0.0, 0.0, 0.0, 0.0], [0.0, 0.0, 0.0, 0.0, 0.0, 0.0, 0.0, 0.0, 0.0, 0.0, 0.0, 0.0, 0.0, 0.0, 0.0, 0.0, 0.0, 0.0, 0.0, 0.0, 0.0, 0.0, 0.0, 0.0, 0.0, 1.0, 0.0, 0.0, 0.0, 0.0, 0.0, 0.0, 0.0, 0.0, 0.0, 0.0, 0.0, 0.0, 0.0, 0.0, 0.0, 0.0, 0.0, 0.0, 0.0, 0.0, 0.0, 0.0, 0.0, 0.0, 0.0, 0.0], [0.0, 0.0, 0.0, 0.0, 0.0, 0.0, 0.0, 0.0, 0.0, 0.0, 0.0, 0.0, 0.0, 0.0, 0.0, 0.0, 0.0, 0.0, 0.0, 0.0, 0.0, 0.0, 0.0, 0.0, 0.0, 1.0, 0.0, 0.0, 0.0, 0.0, 0.0, 0.0, 0.0, 0.0, 0.0, 0.0, 0.0, 0.0, 0.0, 0.0, 0.0, 0.0, 0.0, 0.0, 0.0, 0.0, 0.0, 0.0, 0.0, 0.0, 0.0, 0.0], [0.0, 0.0, 0.0, 0.0, 0.0, 0.0, 0.0, 0.0, 0.0, 0.0, 0.0, 0.0, 0.0, 0.0, 0.0, 0.0, 0.0, 0.0, 0.0, 0.0, 0.0, 0.0, 0.0, 0.0, 0.0, 1.0, 0.0, 0.0, 0.0, 0.0, 0.0, 0.0, 0.0, 0.0, 0.0, 0.0, 0.0, 0.0, 0.0, 0.0, 0.0, 0.0, 0.0, 0.0, 0.0, 0.0, 0.0, 0.0, 0.0, 0.0, 0.0, 0.0], [0.0, 0.0, 0.0, 0.0, 0.0, 0.0, 0.0, 0.0, 0.0, 0.0, 0.0, 0.0, 0.0, 0.0, 0.0, 0.0, 0.0, 0.0, 0.0, 0.0, 0.0, 0.0, 0.0, 0.0, 0.0, 1.0, 0.0, 0.0, 0.0, 0.0, 0.0, 0.0, 0.0, 0.0, 0.0, 0.0, 0.0, 0.0, 0.0, 0.0, 0.0, 0.0, 0.0, 0.0, 0.0, 0.0, 0.0, 0.0, 0.0, 0.0, 0.0, 0.0], [0.0, 0.0, 0.0, 0.0, 0.0, 0.0, 0.0, 0.0, 0.0, 0.0, 0.0, 0.0, 0.0, 0.0, 0.0, 0.0, 0.0, 0.0, 0.0, 0.0, 0.0, 0.0, 0.0, 0.0, 0.0, 0.0, 1.0, 0.0, 0.0, 0.0, 0.0, 0.0, 0.0, 0.0, 0.0, 0.0, 0.0, 0.0, 0.0, 0.0, 0.0, 0.0, 0.0, 0.0, 0.0, 0.0, 0.0, 0.0, 0.0, 0.0, 0.0, 0.0], [0.0, 0.0, 0.0, 0.0, 0.0, 0.0, 0.0, 0.0, 0.0, 0.0, 0.0, 0.0, 0.0, 0.0, 0.0, 0.0, 0.0, 0.0, 0.0, 0.0, 0.0, 0.0, 0.0, 0.0, 0.0, 0.0, 1.0, 0.0, 0.0, 0.0, 0.0, 0.0, 0.0, 0.0, 0.0, 0.0, 0.0, 0.0, 0.0, 0.0, 0.0, 0.0, 0.0, 0.0, 0.0, 0.0, 0.0, 0.0, 0.0, 0.0, 0.0, 0.0], [0.0, 0.0, 0.0, 0.0, 0.0, 0.0, 0.0, 0.0, 0.0, 0.0, 0.0, 0.0, 0.0, 0.0, 0.0, 0.0, 0.0, 0.0, 0.0, 0.0, 0.0, 0.0, 0.0, 0.0, 0.0, 0.0, 1.0, 0.0, 0.0, 0.0, 0.0, 0.0, 0.0, 0.0, 0.0, 0.0, 0.0, 0.0, 0.0, 0.0, 0.0, 0.0, 0.0, 0.0, 0.0, 0.0, 0.0, 0.0, 0.0, 0.0, 0.0, 0.0], [0.0, 0.0, 0.0, 0.0, 0.0, 0.0, 0.0, 0.0, 0.0, 0.0, 0.0, 0.0, 0.0, 0.0, 0.0, 0.0, 0.0, 0.0, 0.0, 0.0, 0.0, 0.0, 0.0, 0.0, 0.0, 0.0, 1.0, 0.0, 0.0, 0.0, 0.0, 0.0, 0.0, 0.0, 0.0, 0.0, 0.0, 0.0, 0.0, 0.0, 0.0, 0.0, 0.0, 0.0, 0.0, 0.0, 0.0, 0.0, 0.0, 0.0, 0.0, 0.0], [0.0, 0.0, 0.0, 0.0, 0.0, 0.0, 0.0, 0.0, 0.0, 0.0, 0.0, 0.0, 0.0, 0.0, 0.0, 0.0, 0.0, 0.0, 0.0, 0.0, 0.0, 0.0, 0.0, 0.0, 0.0, 0.0, 1.0, 0.0, 0.0, 0.0, 0.0, 0.0, 0.0, 0.0, 0.0, 0.0, 0.0, 0.0, 0.0, 0.0, 0.0, 0.0, 0.0, 0.0, 0.0, 0.0, 0.0, 0.0, 0.0, 0.0, 0.0, 0.0], [0.0, 0.0, 0.0, 0.0, 0.0, 0.0, 0.0, 0.0, 0.0, 0.0, 0.0, 0.0, 0.0, 0.0, 0.0, 0.0, 0.0, 0.0, 0.0, 0.0, 0.0, 0.0, 0.0, 0.0, 0.0, 0.0, 1.0, 0.0, 0.0, 0.0, 0.0, 0.0, 0.0, 0.0, 0.0, 0.0, 0.0, 0.0, 0.0, 0.0, 0.0, 0.0, 0.0, 0.0, 0.0, 0.0, 0.0, 0.0, 0.0, 0.0, 0.0, 0.0], [0.0, 0.0, 0.0, 0.0, 0.0, 0.0, 0.0, 0.0, 0.0, 0.0, 0.0, 0.0, 0.0, 0.0, 0.0, 0.0, 0.0, 0.0, 0.0, 0.0, 0.0, 0.0, 0.0, 0.0, 0.0, 0.0, 1.0, 0.0, 0.0, 0.0, 0.0, 0.0, 0.0, 0.0, 0.0, 0.0, 0.0, 0.0, 0.0, 0.0, 0.0, 0.0, 0.0, 0.0, 0.0, 0.0, 0.0, 0.0, 0.0, 0.0, 0.0, 0.0], [0.0, 0.0, 0.0, 0.0, 0.0, 0.0, 0.0, 0.0, 0.0, 0.0, 0.0, 0.0, 0.0, 0.0, 0.0, 0.0, 0.0, 0.0, 0.0, 0.0, 0.0, 0.0, 0.0, 0.0, 0.0, 0.0, 1.0, 0.0, 0.0, 0.0, 0.0, 0.0, 0.0, 0.0, 0.0, 0.0, 0.0, 0.0, 0.0, 0.0, 0.0, 0.0, 0.0, 0.0, 0.0, 0.0, 0.0, 0.0, 0.0, 0.0, 0.0, 0.0], [0.0, 0.0, 0.0, 0.0, 0.0, 0.0, 0.0, 0.0, 0.0, 0.0, 0.0, 0.0, 0.0, 0.0, 0.0, 0.0, 0.0, 0.0, 0.0, 0.0, 0.0, 0.0, 0.0, 0.0, 0.0, 0.0, 1.0, 0.0, 0.0, 0.0, 0.0, 0.0, 0.0, 0.0, 0.0, 0.0, 0.0, 0.0, 0.0, 0.0, 0.0, 0.0, 0.0, 0.0, 0.0, 0.0, 0.0, 0.0, 0.0, 0.0, 0.0, 0.0], [0.0, 0.0, 0.0, 0.0, 0.0, 0.0, 0.0, 0.0, 0.0, 0.0, 0.0, 0.0, 0.0, 0.0, 0.0, 0.0, 0.0, 0.0, 0.0, 0.0, 0.0, 0.0, 0.0, 0.0, 0.0, 0.0, 1.0, 0.0, 0.0, 0.0, 0.0, 0.0, 0.0, 0.0, 0.0, 0.0, 0.0, 0.0, 0.0, 0.0, 0.0, 0.0, 0.0, 0.0, 0.0, 0.0, 0.0, 0.0, 0.0, 0.0, 0.0, 0.0], [0.0, 0.0, 0.0, 0.0, 0.0, 0.0, 0.0, 0.0, 0.0, 0.0, 0.0, 0.0, 0.0, 0.0, 0.0, 0.0, 0.0, 0.0, 0.0, 0.0, 0.0, 0.0, 0.0, 0.0, 0.0, 0.0, 0.0, 1.0, 0.0, 0.0, 0.0, 0.0, 0.0, 0.0, 0.0, 0.0, 0.0, 0.0, 0.0, 0.0, 0.0, 0.0, 0.0, 0.0, 0.0, 0.0, 0.0, 0.0, 0.0, 0.0, 0.0, 0.0], [0.0, 0.0, 0.0, 0.0, 0.0, 0.0, 0.0, 0.0, 0.0, 0.0, 0.0, 0.0, 0.0, 0.0, 0.0, 0.0, 0.0, 0.0, 0.0, 0.0, 0.0, 0.0, 0.0, 0.0, 0.0, 0.0, 0.0, 1.0, 0.0, 0.0, 0.0, 0.0, 0.0, 0.0, 0.0, 0.0, 0.0, 0.0, 0.0, 0.0, 0.0, 0.0, 0.0, 0.0, 0.0, 0.0, 0.0, 0.0, 0.0, 0.0, 0.0, 0.0]], "structure": {"name": "energy-column", "type": "histogram", "limits": [1e-11, 2.9694e-09, 1.0364e-08, 2.999e-08, 4.0991e-08, 4.9445e-08, 7.1941e-08, 1.0467e-07, 1.52e-07, 2.2159e-07, 2.511e-07, 2.8453e-07, 3.2242e-07, 3.6535e-07, 4.14e-07, 6.4121e-07, 1.13e-06, 3.06e-06, 8.32e-06, 2.26e-05, 6.14e-05, 0.000167, 0.000454, 0.001235, 0.00335, 0.00912, 0.0248, 0.0676, 0.184, 0.303, 0.5, 0.823, 1.353, 1.738, 2.232, 2.865, 3.68, 4.7237, 5.3526, 6.07, 6.8729, 7.79, 8.825, 10.0, 12.0, 13.0, 13.5, 14.0, 14.5, 15.0, 17.0, 20.0], "unit": "MeV"}}}