# line 2: x-coordinate lattice, line 3: y-coordinate lattice starting line 4: correlation entries, each line a row
0.0045000000000000005 0.0075 0.0105 0.0135 0.0165 0.0195 0.0225 0.025500000000000002 0.0285 0.0325 0.0375 0.0425 0.0475 0.0525 0.0575 0.0625 0.0675 0.0725 0.0775
0.0045000000000000005 0.0075 0.0105 0.0135 0.0165 0.0195 0.0225 0.025500000000000002 0.0285 0.0325 0.0375 0.0425 0.0475 0.0525 0.0575 0.0625 0.0675 0.0725 0.0775
1.0 0.8246084755919353 0.6933306305566134 0.6128373081601092 0.5586026247331143 0.520173802227481 0.4876404205387418 0.4609803981878825 0.44992101989787814 0.4297532024658754 0.38457305664654734 0.4044032510557089 0.3933362631346087 0.38012167153829163 0.3614588444497651 0.36279100774341255 0.3523841880329567 0.34083945378410113 0.3275007200922577
0.8246084755919353 1.0 0.8649941540676346 0.7651398855974594 0.6865169076146487 0.6277471320521665 0.5785044533292404 0.5386307514496492 0.5187772686615044 0.48810795385288197 0.4301012744444925 0.4466474918471696 0.42996007953219545 0.4119396458009287 0.3888553353756464 0.3878436242946613 0.37467220183949485 0.3606753529830704 0.34510806387481874
0.6933306305566134 0.8649941540676346 1.0 0.8702054639748451 0.7933189936019159 0.7252804273784488 0.6644496088619454 0.6138515394403573 0.5864354517949611 0.5460760223115035 0.47563746167739784 0.4890261726432855 0.46673899753371856 0.4438923431246864 0.4163518469332833 0.41296495619995915 0.39699713083970284 0.38052069373806047 0.3627022339670718
0.6128373081601092 0.7651398855974594 0.8702054639748451 1.0 0.8631761942323289 0.8036179291806368 0.7403050020446776 0.6837974276740129 0.6513982191045014 0.6032348614489831 0.5214408488469019 0.5321861542873406 0.5045162052213678 0.47692129924471216 0.444919817909626 0.4391794533933675 0.42038559371042844 0.40138868938932776 0.3812696756226757
0.5586026247331143 0.6865169076146487 0.7933189936019159 0.8631761942323289 1.0 0.8497527688794966 0.7962863395776272 0.7410374140904806 0.7077040554242355 0.6550064146837752 0.5641869171645931 0.5731263330687882 0.5406810647857866 0.5087035352200263 0.47248324431668076 0.4645001220695766 0.4429777606148629 0.4215325447524565 0.39917130065179995
0.520173802227481 0.6277471320521665 0.7252804273784488 0.8036179291806368 0.8497527688794966 1.0 0.828293740342655 0.7826374167350005 0.7533749265189029 0.7003695448895818 0.6035997821259946 0.6119686128307891 0.5756021738512853 0.5397497668773398 0.499624060218265 0.48957580712922083 0.4654468186940112 0.44163219299692286 0.41707983599912973
0.4876404205387418 0.5785044533292404 0.6644496088619454 0.7403050020446776 0.7962863395776272 0.828293740342655 1.0 0.7991566265898596 0.7795993963293316 0.7316234101375112 0.6335082618711622 0.6428068121447384 0.6039611243562882 0.5652331615884312 0.5219832544318178 0.5102152315218029 0.4838663282188943 0.4580052570389324 0.4315500428118518
0.4609803981878825 0.5386307514496492 0.6138515394403573 0.6837974276740129 0.7410374140904806 0.7826374167350005 0.7991566265898596 1.0 0.7887655081925147 0.75100488164633 0.6560771825356966 0.6680879541515388 0.6282559588708636 0.5876403650069941 0.5419661157146782 0.52885449318831 0.5006118594031376 0.4729511054827102 0.44478835208976897
0.44992101989787814 0.5187772686615044 0.5864354517949611 0.6513982191045014 0.7077040554242355 0.7533749265189029 0.7795993963293316 0.7887655081925147 1.0 0.7776198708197172 0.6882280924543767 0.7052898145761757 0.665102187070567 0.6226319048031269 0.574090613972079 0.5597082284971648 0.5291675868344958 0.4992248838624553 0.4687981984058728
0.4297532024658754 0.48810795385288197 0.5460760223115035 0.6032348614489831 0.6550064146837752 0.7003695448895818 0.7316234101375112 0.75100488164633 0.7776198708197172 1.0 0.7045825405211 0.7313403133477646 0.6943516611188026 0.652182015351143 0.6021217652829601 0.5870881876998243 0.5546930927255829 0.522734776066991 0.49021243964599986
0.38457305664654734 0.4301012744444925 0.47563746167739784 0.5214408488469019 0.5641869171645931 0.6035997821259946 0.6335082618711622 0.6560771825356966 0.6882280924543767 0.7045825405211 1.0 0.7019310192744838 0.67537259543903 0.6392643823364584 0.5927315025950937 0.579175489779577 0.5476475328239825 0.5160483547595881 0.48362420693761143
0.4044032510557089 0.4466474918471696 0.4890261726432855 0.5321861542873406 0.5731263330687882 0.6119686128307891 0.6428068121447384 0.6680879541515388 0.7052898145761757 0.7313403133477646 0.7019310192744838 1.0 0.7506392335010548 0.7188310395783303 0.671353113268333 0.6589071707453031 0.6246430370844155 0.589387110175952 0.5526300216515638
0.3933362631346087 0.42996007953219545 0.46673899753371856 0.5045162052213678 0.5406810647857866 0.5756021738512853 0.6039611243562882 0.6282559588708636 0.665102187070567 0.6943516611188026 0.67537259543903 0.7506392335010548 1.0 0.7312624004598387 0.6899662048791132 0.681727959874302 0.6491015704499499 0.6141607865287969 0.5768144276670011
0.38012167153829163 0.4119396458009287 0.4438923431246864 0.47692129924471216 0.5087035352200263 0.5397497668773398 0.5652331615884312 0.5876403650069941 0.6226319048031269 0.652182015351143 0.6392643823364584 0.7188310395783303 0.7312624004598387 1.0 0.6920077903099557 0.6899093288434497 0.6609442932648645 0.6279964535963944 0.5914754890457051
0.3614588444497651 0.3888553353756464 0.4163518469332833 0.444919817909626 0.47248324431668076 0.499624060218265 0.5219832544318178 0.5419661157146782 0.574090613972079 0.6021217652829601 0.5927315025950937 0.671353113268333 0.6899662048791132 0.6920077903099557 1.0 0.6768398636668275 0.6535911075726164 0.6245157895721648 0.590546766105732
0.36279100774341255 0.3878436242946613 0.41296495619995915 0.4391794533933675 0.4645001220695766 0.48957580712922083 0.5102152315218029 0.52885449318831 0.5597082284971648 0.5870881876998243 0.579175489779577 0.6589071707453031 0.681727959874302 0.6899093288434497 0.6768398636668275 1.0 0.6736938659249789 0.6482845412690389 0.6161880691572315
0.3523841880329567 0.37467220183949485 0.39699713083970284 0.42038559371042844 0.4429777606148629 0.4654468186940112 0.4838663282188943 0.5006118594031376 0.5291675868344958 0.5546930927255829 0.5476475328239825 0.6246430370844155 0.6491015704499499 0.6609442932648645 0.6535911075726164 0.6736938659249789 1.0 0.6443136676797723 0.6162913523656071
0.34083945378410113 0.3606753529830704 0.38052069373806047 0.40138868938932776 0.4215325447524565 0.44163219299692286 0.4580052570389324 0.4729511054827102 0.4992248838624553 0.522734776066991 0.5160483547595881 0.589387110175952 0.6141607865287969 0.6279964535963944 0.6245157895721648 0.6482845412690389 0.6443136676797723 1.0 0.6081493396211266
0.3275007200922577 0.34510806387481874 0.3627022339670718 0.3812696756226757 0.39917130065179995 0.41707983599912973 0.4315500428118518 0.44478835208976897 0.4687981984058728 0.49021243964599986 0.48362420693761143 0.5526300216515638 0.5768144276670011 0.5914754890457051 0.590546766105732 0.6161880691572315 0.6162913523656071 0.6081493396211266 1.0
