# line 2: x-coordinate lattice, line 3: y-coordinate lattice starting line 4: correlation entries, each line a row
10.63 11.95 13.44 15.12 17.01 19.14 21.86 25.3 39.16 41.12 43.17 45.33 47.59 49.97 52.73 55.89 59.25 62.8 66.57 70.57 74.8 79.28 84.04 89.09 94.43 100.1 106.62 114.08 122.06 130.61 139.75 149.53 161.55 176.08 191.93 209.2 228.03 248.56 270.93 295.31 321.88 350.85 384.26 422.69
10.63 11.95 13.44 15.12 17.01 19.14 21.86 25.3 39.16 41.12 43.17 45.33 47.59 49.97 52.73 55.89 59.25 62.8 66.57 70.57 74.8 79.28 84.04 89.09 94.43 100.1 106.62 114.08 122.06 130.61 139.75 149.53 161.55 176.08 191.93 209.2 228.03 248.56 270.93 295.31 321.88 350.85 384.26 422.69
1.0 0.6799519098144464 0.6766659283277655 0.6574504122814461 0.6378278351878374 0.6287561249934195 0.600092029455792 0.5597402552147082 0.3828701122278402 0.36488998112881965 0.3570839046212569 0.35370664651450123 0.3416053894276715 0.3385166699223892 0.34561908145233133 0.3642067383081178 0.35603730717037696 0.3495250326922441 0.3413695574840593 0.33401158586693475 0.3280154654818952 0.3229097526390983 0.3369378010689554 0.3361506270949568 0.3304761205338365 0.3309351645518487 0.3386520887726097 0.333672759888048 0.32759301912976574 0.32223839199441123 0.3214990138953319 0.3310440805258245 0.3365651021612859 0.32883221391912365 0.3268684369553354 0.3207934438490703 0.31607694298319305 0.3109773064406748 0.3060361736003308 0.30179762319858106 0.29810894958136513 0.2933460903721569 0.29086686020137553 0.28759642284761683
0.6799519098144464 1.0 0.7344680954139825 0.7218831049289287 0.705264813137835 0.6977980527384402 0.6668418423368777 0.6214045701198732 0.4188686363142835 0.39870449878790215 0.38969533080610297 0.38553656203851344 0.37189658819962523 0.368094119965001 0.375332401631713 0.39497933644381344 0.3856072922404348 0.37806940000595035 0.36879047564408607 0.36041050702621724 0.35353510767057206 0.3476499945761487 0.3623703351154036 0.36115885449508706 0.3547206933299948 0.35488688089804177 0.36287210970130385 0.35723813818442873 0.35040622313701575 0.3443791488727797 0.34330788651393024 0.35336218096812955 0.35895035934777414 0.3504210492281284 0.34804354084650696 0.3413380356092954 0.3360836702551826 0.3304301452623336 0.3249874437209028 0.32031168857708675 0.31625090446605963 0.3110533678293118 0.3082853953649649 0.30468748299723797
0.6766659283277655 0.7344680954139825 1.0 0.7609090359448452 0.7520265516632303 0.7493143027158874 0.7189098614140658 0.6705778575068853 0.44631006770561876 0.42430974788891646 0.41421352241572984 0.4092852620158604 0.39431715360048175 0.38980392930985164 0.39693430098956367 0.41711320124991946 0.40664280150192733 0.3981484827678415 0.3878599278534058 0.3785578325119534 0.37087494574946606 0.36426507153369225 0.3792514287065574 0.3775652926572775 0.370442586149731 0.37024069116625735 0.3782370493691991 0.37202026827877765 0.3645333393134748 0.35791747383513123 0.35647939925073985 0.3667588581189353 0.3722062805584611 0.3630356211502946 0.36024308847112035 0.3530282522729544 0.347321058731584 0.34121112255637315 0.3353680358855079 0.33034065888627223 0.32598386453874023 0.32045872139335213 0.31744605211532495 0.31358887225840343
0.6574504122814461 0.7218831049289287 0.7609090359448452 1.0 0.7830577779831657 0.7893246244358384 0.7631234449492307 0.7144914341837447 0.47109045718308207 0.447365365769515 0.43621112931013833 0.43050196221402326 0.41425078891717093 0.40900204365871023 0.415913323019796 0.43641165580638125 0.4248332571312794 0.4153611762335423 0.4040574949465187 0.39382457196158516 0.3853176614087461 0.37796238429021434 0.39302109720169714 0.39080290748549457 0.38298801708052527 0.3823547324818504 0.3902338090062688 0.38342911916057654 0.37528969674302187 0.3680853807983448 0.36623685580875887 0.376613887288615 0.3818058947798075 0.3720264366579379 0.3687889644377699 0.3610898318028946 0.35494084372181123 0.34839170441352196 0.3421712212466303 0.33681085221028545 0.33217578446845386 0.32635421875892956 0.3231022408475785 0.31900232801585526
0.6378278351878374 0.705264813137835 0.7520265516632303 0.7830577779831657 1.0 0.8265094745631012 0.8092760754464011 0.7634796311841621 0.5012373572932621 0.4755457378470004 0.46321312772010337 0.45664804588812097 0.43890516493603415 0.43282778891883616 0.4395504496153896 0.4605334708509444 0.4476485899535322 0.4370215464509444 0.424505996342616 0.4131587034930056 0.4036649550163467 0.3954162727386753 0.41062115162306556 0.4077750794984573 0.3991224542965808 0.3979829704478468 0.4057550150071208 0.3982362461678071 0.38930185062507067 0.38138087514850155 0.3790442469420946 0.38957351153245773 0.3944854155227303 0.383955557866561 0.3801845425173606 0.3718890305298403 0.36519960320564837 0.35811186073460133 0.3514263768807446 0.3456563533060091 0.34067839425009466 0.3344884082346559 0.33094465993120187 0.3265458338054694
0.6287561249934195 0.6977980527384402 0.7493143027158874 0.7893246244358384 0.8265094745631012 1.0 0.8658997109603003 0.8274677193515079 0.5449716454081693 0.5167094930777589 0.5029178422712558 0.495343868529689 0.47562456763956884 0.46853526764292697 0.4752171013945293 0.49719880930926186 0.4825829938943363 0.47043086677721785 0.45627900067461313 0.4434236357655074 0.4325998762282362 0.4231496239738899 0.43879978515167883 0.4351573540168056 0.4253543713627879 0.42359001995160694 0.43136853948063214 0.4228633971844668 0.41282035005834794 0.4039016948403996 0.4009375576199107 0.41182899027052056 0.4164872191209528 0.4048735648646989 0.40039552874911066 0.3912400720238012 0.38378582117111243 0.37592900409246277 0.368569903698893 0.36220865600283475 0.3567333263337151 0.3499947719700277 0.3460400369897637 0.341207101942923
0.600092029455792 0.6668418423368777 0.7189098614140658 0.7631234449492307 0.8092760754464011 0.8658997109603003 1.0 0.8695435332499043 0.582130123095784 0.5518669802496619 0.5369283503171915 0.5285217030135495 0.5070834040840225 0.49905689805718034 0.5055793959307183 0.5282229536082446 0.5119197438400009 0.4982395110398706 0.48246133725965706 0.46808799134420237 0.45589898165364934 0.44519660070304445 0.46089808044260355 0.4563265854008477 0.4453354579949103 0.4427970985423955 0.45030575242032916 0.4407785338607712 0.4296018591988934 0.4196574345171329 0.4159506022904733 0.4269333062117857 0.43107552808560246 0.4184154158824919 0.4131407426268581 0.40315266393605903 0.3949328907291115 0.38631998974957193 0.37831622334634135 0.37138578009533374 0.36543619634489904 0.3582005917473407 0.353833589839563 0.34858938720991994
0.5597402552147082 0.6214045701198732 0.6705778575068853 0.7144914341837447 0.7634796311841621 0.8274677193515079 0.8695435332499043 1.0 0.6129939431214728 0.5816798825674674 0.5662245145977312 0.5574358643186345 0.5347257486776209 0.5260192418796596 0.5324808472810626 0.5557172592027123 0.537853789892341 0.5227022610431268 0.5053302205305974 0.4894350527633093 0.47584398523785926 0.46383059400726384 0.47930693121190965 0.4736791071582557 0.4614265069991538 0.4579686275581487 0.46498503047358425 0.454359544529177 0.4419714894009047 0.43092437205351236 0.42634274757569174 0.437207101687076 0.44059466140418174 0.42685682050890794 0.42066691935439443 0.40981857587163606 0.40078721582579835 0.39138383833139134 0.38272031584076177 0.37520463330081094 0.36877122647237115 0.36105064687333455 0.3562463593827719 0.35058535966057613
0.3828701122278402 0.4188686363142835 0.44631006770561876 0.47109045718308207 0.5012373572932621 0.5449716454081693 0.582130123095784 0.6129939431214728 1.0 0.6041481385523598 0.596568204712372 0.5944134301498831 0.5758849830156707 0.5711371201316519 0.5656037106427362 0.593843264307854 0.5772753657738802 0.5626873970316593 0.5449827804285547 0.5283013273428901 0.5136757274773819 0.500433038271355 0.5165830127054619 0.5097704460203162 0.4957048585095803 0.4910017636327771 0.475107391629705 0.4613854478746376 0.4476954940033814 0.4354045813305753 0.4296887439958265 0.42238963527302426 0.42446487001402505 0.4087140555417939 0.4015945412674579 0.3889198838558988 0.3793216580412343 0.3706956934216957 0.36165814067537494 0.35380044319577053 0.3458558246304433 0.3379803510172051 0.332875599954531 0.32701356883477584
0.36488998112881965 0.39870449878790215 0.42430974788891646 0.447365365769515 0.4755457378470004 0.5167094930777589 0.5518669802496619 0.5816798825674674 0.6041481385523598 1.0 0.5795539854101444 0.5789903752299508 0.5621926180257217 0.5585974747913977 0.5540369965864299 0.5825132310813482 0.5668559679834668 0.5529427148510768 0.5358067258338267 0.519547799657268 0.5052106122916912 0.4921574178763418 0.5079480884079532 0.5011082687509217 0.4871061470465048 0.4822805218859899 0.46635201776040003 0.4526840426181026 0.4389796203040967 0.42665548481225724 0.42078336294045804 0.41350121544877017 0.41522697611421155 0.39954192152474516 0.39227821554004 0.3796513877310293 0.3700203607843237 0.3613358094100952 0.3523076054479413 0.34445292152619145 0.33655798384369845 0.3287269894899054 0.32360098050251374 0.3177496623905541
0.3570839046212569 0.38969533080610297 0.41421352241572984 0.43621112931013833 0.46321312772010337 0.5029178422712558 0.5369283503171915 0.5662245145977312 0.596568204712372 0.5795539854101444 1.0 0.5772332235324635 0.5619603494315116 0.5596099221787988 0.5561013807707804 0.5856961106247056 0.570715379895821 0.5572584821095037 0.5403659104102059 0.5242042520355862 0.5098605204796409 0.49671928415994204 0.5126153006941845 0.5056120672266131 0.491339588715365 0.4862916894856474 0.4699316501481222 0.4559740803877149 0.44190543726057996 0.4292307176949628 0.4230530958128125 0.41559953574002495 0.41702492063112634 0.400990686850185 0.393390042902353 0.38047507917680623 0.37055414680335436 0.36157857158017837 0.3523182728108659 0.34425634849468856 0.33620000455354776 0.3282040413329731 0.3229192255537433 0.31692190012999144
0.35370664651450123 0.38553656203851344 0.4092852620158604 0.43050196221402326 0.45664804588812097 0.495343868529689 0.5285217030135495 0.5574358643186345 0.5944134301498831 0.5789903752299508 0.5772332235324635 1.0 0.566834562054124 0.5659579279407986 0.5637265319833117 0.5949852832679196 0.5807370231603441 0.5677681746109108 0.5510767281749347 0.534946220094224 0.5205235596877771 0.5072136022231181 0.5234660587230692 0.5162620860731457 0.5015804758234665 0.4962738065212916 0.47929629326552314 0.46489112120842935 0.4502892863222847 0.4371073062904316 0.4305442388389867 0.4228277451956355 0.4239608361661724 0.40736998385335516 0.39932577093777916 0.38595288891783114 0.3756075398920609 0.3662172148009011 0.356600399256718 0.3482224347166422 0.3398982714791896 0.33163140502471045 0.32611500820583594 0.31989094647493
0.3416053894276715 0.37189658819962523 0.39431715360048175 0.41425078891717093 0.43890516493603415 0.47562456763956884 0.5070834040840225 0.5347257486776209 0.5758849830156707 0.5621926180257217 0.5619603494315116 0.566834562054124 1.0 0.5562898037897721 0.5556515435360093 0.5879512176159069 0.5750421216240914 0.5630967104793719 0.547207830984374 0.5316639882324357 0.5176460108215741 0.504599297827951 0.5208612704442807 0.5137004396521067 0.4990310433885584 0.4936365894356904 0.4765005995521899 0.46203577990297223 0.4472846240647934 0.43393733086651287 0.4271590875292132 0.4193795617474064 0.42019039111208784 0.40345919489365367 0.3951688692176884 0.3816705473857401 0.37115529507602557 0.3615797091819672 0.35184301751257246 0.3433547489443719 0.3349684529468008 0.32663470400212047 0.3210211690527226 0.31472315433795117
0.3385166699223892 0.368094119965001 0.38980392930985164 0.40900204365871023 0.43282778891883616 0.46853526764292697 0.49905689805718034 0.5260192418796596 0.5711371201316519 0.5585974747913977 0.5596099221787988 0.5659579279407986 0.5562898037897721 1.0 0.5602843656353517 0.594645879905487 0.5830239358165028 0.5720333664878285 0.5567460755522149 0.5415611528285655 0.5277266965149916 0.5147199148568038 0.5314903988819167 0.5242622700148852 0.5092861841124454 0.5037094081135836 0.48600749779235053 0.47113753778411954 0.45587304362791203 0.44202538927809515 0.4348618924038832 0.4268238319512911 0.4273321197754527 0.4100230571482082 0.4012645512782955 0.3872839722433917 0.3763175532466428 0.36629867815673345 0.3561816359681531 0.3473554550328117 0.33868366833730357 0.3300607478899304 0.3241982760326792 0.3176572995792026
0.34561908145233133 0.375332401631713 0.39693430098956367 0.415913323019796 0.4395504496153896 0.4752171013945293 0.5055793959307183 0.5324808472810626 0.5656037106427362 0.5540369965864299 0.5561013807707804 0.5637265319833117 0.5556515435360093 0.5602843656353517 1.0 0.6054298725386811 0.5955636512046385 0.5859235285051935 0.5715231294559774 0.5569132931152694 0.5434294674077201 0.5305851987945319 0.5482869379638681 0.5411098569781478 0.5258177764703692 0.520136509195635 0.5078149156398473 0.4923142348298959 0.47618074223577855 0.4614978597772755 0.4537749440658124 0.44876416817563164 0.4489379378098796 0.4304168600306825 0.4208346780436158 0.4058514609772663 0.3940096375148666 0.38315228094884174 0.3722688139852056 0.362766163795404 0.35348555898016076 0.34425062880265067 0.33790867815317754 0.3308747085161113
0.3642067383081178 0.39497933644381344 0.41711320124991946 0.43641165580638125 0.4605334708509444 0.49719880930926186 0.5282229536082446 0.5557172592027123 0.593843264307854 0.5825132310813482 0.5856961106247056 0.5949852832679196 0.5879512176159069 0.594645879905487 0.6054298725386811 1.0 0.6403072891370772 0.6321269217524178 0.6183275522869194 0.603872599717559 0.5902763638309991 0.5770788231282791 0.5968938322933779 0.5894510467737001 0.5730007806661802 0.5668902139228246 0.5533786361803302 0.5364539583119622 0.5186638575873209 0.5024064847725249 0.49369480077653916 0.4881542942530726 0.4879322319545404 0.46741391799054866 0.4565517658195055 0.4399169881712647 0.42666309210742515 0.4144636994668446 0.4023274275700051 0.39172090719962593 0.3814274571538184 0.3711764023882292 0.3640612309379439 0.35621883740133636
0.35603730717037696 0.3856072922404348 0.40664280150192733 0.4248332571312794 0.4476485899535322 0.4825829938943363 0.5119197438400009 0.537853789892341 0.5772753657738802 0.5668559679834668 0.570715379895821 0.5807370231603441 0.5750421216240914 0.5830239358165028 0.5955636512046385 0.6403072891370772 1.0 0.6300905759429902 0.6184834964355783 0.6057326650952067 0.5934234950230006 0.5811671334460785 0.6019134925995889 0.594970475834153 0.5787302487682544 0.5727675376335355 0.5591440918822499 0.5421003228590401 0.523980072643171 0.5073400713379086 0.49827282467913475 0.49262121390272473 0.4920023538999831 0.47093384448281267 0.4595328906881114 0.442405602963809 0.42864888095272957 0.41593649062302146 0.40338065839105314 0.39239631596431757 0.38180135316115454 0.3712410404721156 0.3638342196488663 0.35571965043441384
0.3495250326922441 0.37806940000595035 0.3981484827678415 0.4153611762335423 0.4370215464509444 0.47043086677721785 0.4982395110398706 0.5227022610431268 0.5626873970316593 0.5529427148510768 0.5572584821095037 0.5677681746109108 0.5630967104793719 0.5720333664878285 0.5859235285051935 0.6321269217524178 0.6300905759429902 1.0 0.6186749354606589 0.608026358593785 0.597345216295376 0.5863160801507928 0.6083043051545198 0.6020766114949856 0.5861933112060007 0.5805183953075379 0.5668754576221473 0.5497654216614882 0.531332081284647 0.5143065421421171 0.5048915936524869 0.49914336255823827 0.49814780340280845 0.47645465927483716 0.46446878723747337 0.44677423897117186 0.4324476819374066 0.4191552185263154 0.4061147035418464 0.3946938201222984 0.38374238278097283 0.37281688066910557 0.3650755851757491 0.35664368059752233
0.3413695574840593 0.36879047564408607 0.3878599278534058 0.4040574949465187 0.424505996342616 0.45627900067461313 0.48246133725965706 0.5053302205305974 0.5449827804285547 0.5358067258338267 0.5403659104102059 0.5510767281749347 0.547207830984374 0.5567460755522149 0.5715231294559774 0.6183275522869194 0.6184834964355783 0.6186749354606589 1.0 0.6047500945058568 0.5961904245493779 0.5868299348443023 0.6102048278245338 0.6050124390838881 0.5898240801297415 0.5846653968809564 0.5712559900503859 0.5543202793662628 0.5357847350298611 0.5185457754549557 0.5088910135424399 0.5031243680091573 0.501789452260984 0.47960255839239224 0.4670985739809915 0.44892575672959933 0.4340934055942956 0.42027406775977383 0.40680164284800285 0.3949882690072086 0.38372411836621495 0.37247562877060536 0.3644258551921467 0.35570666842838117
0.33401158586693475 0.36041050702621724 0.3785578325119534 0.39382457196158516 0.4131587034930056 0.4434236357655074 0.46808799134420237 0.4894350527633093 0.5283013273428901 0.519547799657268 0.5242042520355862 0.534946220094224 0.5316639882324357 0.5415611528285655 0.5569132931152694 0.603872599717559 0.6057326650952067 0.608026358593785 0.6047500945058568 1.0 0.5937163853800563 0.5864260520862075 0.611507666443774 0.6076681993011244 0.5934463588635998 0.589029613563975 0.5760513808591811 0.5594465012711991 0.540922614747945 0.5235494745016062 0.5137171266566563 0.5079842330974615 0.5063549454075452 0.4836677312075704 0.4706389435960438 0.45196092958280354 0.43659250544407585 0.4222110040274466 0.40827142754819 0.3960320825605491 0.38442405884463404 0.37281971230620875 0.3644343493839857 0.35539979407705036
0.3280154654818952 0.35353510767057206 0.37087494574946606 0.3853176614087461 0.4036649550163467 0.4325998762282362 0.45589898165364934 0.47584398523785926 0.5136757274773819 0.5052106122916912 0.5098605204796409 0.5205235596877771 0.5176460108215741 0.5277266965149916 0.5434294674077201 0.5902763638309991 0.5934234950230006 0.597345216295376 0.5961904245493779 0.5937163853800563 1.0 0.5857863685888225 0.6129642140340625 0.6108335069276645 0.5978731395187966 0.594457798448916 0.5821293068062517 0.5660215818080243 0.5476243683757723 0.5301928227168831 0.520248808361782 0.5146076740716199 0.5127410871280081 0.4895186860039194 0.4759432699319277 0.4567047988929033 0.44074532073422856 0.4257416719482868 0.41127488493621867 0.3985536584457217 0.3865490442870826 0.37453394181729416 0.36576954999448574 0.35637389201947917
0.3229097526390983 0.3476499945761487 0.36426507153369225 0.37796238429021434 0.3954162727386753 0.4231496239738899 0.44519660070304445 0.46383059400726384 0.500433038271355 0.4921574178763418 0.49671928415994204 0.5072136022231181 0.504599297827951 0.5147199148568038 0.5305851987945319 0.5770788231282791 0.5811671334460785 0.5863160801507928 0.5868299348443023 0.5864260520862075 0.5857863685888225 1.0 0.6134521395701209 0.6134440480960343 0.6021156553132386 0.6000172854177402 0.5886261857503944 0.5732504236847583 0.555158520947982 0.5377981960398622 0.5278455397185295 0.5223812740460632 0.520353662294173 0.4966012742203246 0.482480617222923 0.4626526310516644 0.44606627505487106 0.4303960802838389 0.4153564177755755 0.40210913065605447 0.3896662890803819 0.377195920713534 0.3680156186143203 0.3582203615236063
0.3369378010689554 0.3623703351154036 0.3792514287065574 0.39302109720169714 0.41062115162306556 0.43879978515167883 0.46089808044260355 0.47930693121190965 0.5165830127054619 0.5079480884079532 0.5126153006941845 0.5234660587230692 0.5208612704442807 0.5314903988819167 0.5482869379638681 0.5968938322933779 0.6019134925995889 0.6083043051545198 0.6102048278245338 0.611507666443774 0.6129642140340625 0.6134521395701209 1.0 0.6504287288041193 0.6406353401786032 0.6402040284681291 0.629521051153431 0.6143465096894923 0.5957814624952127 0.5776804494615633 0.5672902989656358 0.561816611857503 0.5596071927787253 0.5339539790585905 0.5184585982459016 0.49684368555248015 0.4786057839758128 0.4612823836196628 0.44472231648461963 0.43010771075682797 0.4164392996316712 0.4027197762663221 0.39252903203349493 0.3817033492585038
0.3361506270949568 0.36115885449508706 0.3775652926572775 0.39080290748549457 0.4077750794984573 0.4351573540168056 0.4563265854008477 0.4736791071582557 0.5097704460203162 0.5011082687509217 0.5056120672266131 0.5162620860731457 0.5137004396521067 0.5242622700148852 0.5411098569781478 0.5894510467737001 0.594970475834153 0.6020766114949856 0.6050124390838881 0.6076681993011244 0.6108335069276645 0.6134440480960343 0.6504287288041193 1.0 0.6491422997994959 0.6509652297573834 0.6420072923767324 0.6281751616100781 0.6103282332635963 0.5925650653632623 0.5824073526889111 0.5773446707043477 0.575187937989025 0.5488232299358673 0.5326572016213814 0.5101892130544191 0.4910597812813258 0.47278165762924595 0.45536619984504867 0.4399626428675448 0.4256117910238337 0.41118205289556947 0.4003697408559236 0.38893013856146025
0.3304761205338365 0.3547206933299948 0.370442586149731 0.38298801708052527 0.3991224542965808 0.4253543713627879 0.4453354579949103 0.4614265069991538 0.4957048585095803 0.4871061470465048 0.491339588715365 0.5015804758234665 0.4990310433885584 0.5092861841124454 0.5258177764703692 0.5730007806661802 0.5787302487682544 0.5861933112060007 0.5898240801297415 0.5934463588635998 0.5978731395187966 0.6021156553132386 0.6406353401786032 0.6491422997994959 1.0 0.6496657228166836 0.6430888773312664 0.6312775720438353 0.6148237336792479 0.597992735211825 0.5884735890173557 0.5840951220743793 0.5822019972978714 0.5556596916496611 0.5391541402410522 0.5162199507015262 0.4965069738625087 0.47754685746923575 0.4595264234044244 0.44354704625274255 0.4287097092317402 0.41376064117010874 0.4024635635996422 0.3905546397253505
0.3309351645518487 0.35488688089804177 0.37024069116625735 0.3823547324818504 0.3979829704478468 0.42359001995160694 0.4427970985423955 0.4579686275581487 0.4910017636327771 0.4822805218859899 0.4862916894856474 0.4962738065212916 0.4936365894356904 0.5037094081135836 0.520136509195635 0.5668902139228246 0.5727675376335355 0.5805183953075379 0.5846653968809564 0.589029613563975 0.594457798448916 0.6000172854177402 0.6402040284681291 0.6509652297573834 0.6496657228166836 1.0 0.6536447291813399 0.6441916797477226 0.6293213123310033 0.6135178297708195 0.6047790443963894 0.6012511371372128 0.5998144969035748 0.5727933560710103 0.5557670801270802 0.5320197722480915 0.5113982093172655 0.4914159715026987 0.4724545036751968 0.45559060419155767 0.439976192684057 0.42420703686492806 0.41219061784712735 0.3995643417801455
0.3386520887726097 0.36287210970130385 0.3782370493691991 0.3902338090062688 0.4057550150071208 0.43136853948063214 0.45030575242032916 0.46498503047358425 0.475107391629705 0.46635201776040003 0.4699316501481222 0.47929629326552314 0.4765005995521899 0.48600749779235053 0.5078149156398473 0.5533786361803302 0.5591440918822499 0.5668754576221473 0.5712559900503859 0.5760513808591811 0.5821293068062517 0.5886261857503944 0.629521051153431 0.6420072923767324 0.6430888773312664 0.6536447291813399 1.0 0.66155771046243 0.6489452820848861 0.6346629951408218 0.6271140964299583 0.633744166391741 0.6329890837666518 0.6050447464483082 0.587082517892127 0.5619502474768372 0.539766756422823 0.5179893623411356 0.49742775833099034 0.4790684780089041 0.4621950377795569 0.4450310461671421 0.43181395684232166 0.41797995250163217
0.333672759888048 0.35723813818442873 0.37202026827877765 0.38342911916057654 0.3982362461678071 0.4228633971844668 0.4407785338607712 0.454359544529177 0.4613854478746376 0.4526840426181026 0.4559740803877149 0.46489112120842935 0.46203577990297223 0.47113753778411954 0.4923142348298959 0.5364539583119622 0.5421003228590401 0.5497654216614882 0.5543202793662628 0.5594465012711991 0.5660215818080243 0.5732504236847583 0.6143465096894923 0.6281751616100781 0.6312775720438353 0.6441916797477226 0.66155771046243 1.0 0.6510549584140853 0.6395027434273501 0.6340051334987027 0.6431784987413832 0.643704876761741 0.6162901359027217 0.5983251268164225 0.5728709817215576 0.549983769129082 0.5271763939736039 0.5057048167550112 0.48643638569363007 0.4688326794952627 0.4507908503739891 0.43674816114132164 0.42209822487944887
0.32759301912976574 0.35040622313701575 0.3645333393134748 0.37528969674302187 0.38930185062507067 0.41282035005834794 0.4296018591988934 0.4419714894009047 0.4476954940033814 0.4389796203040967 0.44190543726057996 0.4502892863222847 0.4472846240647934 0.45587304362791203 0.47618074223577855 0.5186638575873209 0.523980072643171 0.531332081284647 0.5357847350298611 0.540922614747945 0.5476243683757723 0.555158520947982 0.5957814624952127 0.6103282332635963 0.6148237336792479 0.6293213123310033 0.6489452820848861 0.6510549584140853 1.0 0.6384226387580536 0.6357559712768984 0.6474686471314001 0.649959603843138 0.6237933205967459 0.606448619990529 0.5811283968362477 0.5579732531528812 0.5345745744201096 0.5124795846992845 0.4925336545630155 0.4743137231383893 0.45555753591964276 0.440826256446695 0.4254832956950586
0.32223839199441123 0.3443791488727797 0.35791747383513123 0.3680853807983448 0.38138087514850155 0.4039016948403996 0.4196574345171329 0.43092437205351236 0.4354045813305753 0.42665548481225724 0.4292307176949628 0.4371073062904316 0.43393733086651287 0.44202538927809515 0.4614978597772755 0.5024064847725249 0.5073400713379086 0.5143065421421171 0.5185457754549557 0.5235494745016062 0.5301928227168831 0.5377981960398622 0.5776804494615633 0.5925650653632623 0.597992735211825 0.6135178297708195 0.6346629951408218 0.6395027434273501 0.6384226387580536 1.0 0.6355951346849695 0.6504121671027797 0.6555295480403301 0.6312201590659926 0.6149537596867171 0.5900872261321616 0.5668805679588353 0.5430207508112339 0.5203722554997138 0.49977727178178555 0.4809438854875823 0.46144858750352946 0.4459980237524668 0.4299180242122842
0.3214990138953319 0.34330788651393024 0.35647939925073985 0.36623685580875887 0.3790442469420946 0.4009375576199107 0.4159506022904733 0.42634274757569174 0.4296887439958265 0.42078336294045804 0.4230530958128125 0.4305442388389867 0.4271590875292132 0.4348618924038832 0.4537749440658124 0.49369480077653916 0.49827282467913475 0.5048915936524869 0.5088910135424399 0.5137171266566563 0.520248808361782 0.5278455397185295 0.5672902989656358 0.5824073526889111 0.5884735890173557 0.6047790443963894 0.6271140964299583 0.6340051334987027 0.6357559712768984 0.6355951346849695 1.0 0.6593640794468462 0.6679714467648095 0.6459897127452778 0.6311921033049693 0.606899791332851 0.5836524696467323 0.559224290893649 0.5358510230614145 0.5144052732936798 0.4947432455797925 0.4742489673406431 0.4578584790781106 0.44079531797034255
0.3310440805258245 0.35336218096812955 0.3667588581189353 0.376613887288615 0.38957351153245773 0.41182899027052056 0.4269333062117857 0.437207101687076 0.42238963527302426 0.41350121544877017 0.41559953574002495 0.4228277451956355 0.4193795617474064 0.4268238319512911 0.44876416817563164 0.4881542942530726 0.49262121390272473 0.49914336255823827 0.5031243680091573 0.5079842330974615 0.5146076740716199 0.5223812740460632 0.561816611857503 0.5773446707043477 0.5840951220743793 0.6012511371372128 0.633744166391741 0.6431784987413832 0.6474686471314001 0.6504121671027797 0.6593640794468462 1.0 0.7043233852654502 0.6850503666697255 0.6716551184977188 0.6475444954208849 0.6233362868202846 0.5968803058535105 0.5715864740382994 0.5481012021321212 0.5267648682384113 0.5040707683555582 0.48566976630889935 0.4665275718489594
0.3365651021612859 0.35895035934777414 0.3722062805584611 0.3818058947798075 0.3944854155227303 0.4164872191209528 0.43107552808560246 0.44059466140418174 0.42446487001402505 0.41522697611421155 0.41702492063112634 0.4239608361661724 0.42019039111208784 0.4273321197754527 0.4489379378098796 0.4879322319545404 0.4920023538999831 0.49814780340280845 0.501789452260984 0.5063549454075452 0.5127410871280081 0.520353662294173 0.5596071927787253 0.575187937989025 0.5822019972978714 0.5998144969035748 0.6329890837666518 0.643704876761741 0.649959603843138 0.6555295480403301 0.6679714467648095 0.7043233852654502 1.0 0.71039734668547 0.7007815420566699 0.6786754131345498 0.6552589955714169 0.628512265560131 0.602452856784947 0.5778532429209836 0.555318865723496 0.531050615923713 0.5111577146341711 0.49038752881150227
0.32883221391912365 0.3504210492281284 0.3630356211502946 0.3720264366579379 0.383955557866561 0.4048735648646989 0.4184154158824919 0.42685682050890794 0.4087140555417939 0.39954192152474516 0.400990686850185 0.40736998385335516 0.40345919489365367 0.4100230571482082 0.4304168600306825 0.46741391799054866 0.47093384448281267 0.47645465927483716 0.47960255839239224 0.4836677312075704 0.4895186860039194 0.4966012742203246 0.5339539790585905 0.5488232299358673 0.5556596916496611 0.5727933560710103 0.6050447464483082 0.6162901359027217 0.6237933205967459 0.6312201590659926 0.6459897127452778 0.6850503666697255 0.71039734668547 1.0 0.7011157153132532 0.6836686345051394 0.6631917340172735 0.637925866644408 0.6125935700636381 0.5880691809443354 0.5653567226754695 0.5403722144442008 0.5196033266938967 0.497778095157247
0.3268684369553354 0.34804354084650696 0.36024308847112035 0.3687889644377699 0.3801845425173606 0.40039552874911066 0.4131407426268581 0.42066691935439443 0.4015945412674579 0.39227821554004 0.393390042902353 0.39932577093777916 0.3951688692176884 0.4012645512782955 0.4208346780436158 0.4565517658195055 0.4595328906881114 0.46446878723747337 0.4670985739809915 0.4706389435960438 0.4759432699319277 0.482480617222923 0.5184585982459016 0.5326572016213814 0.5391541402410522 0.5557670801270802 0.587082517892127 0.5983251268164225 0.606448619990529 0.6149537596867171 0.6311921033049693 0.6716551184977188 0.7007815420566699 0.7011157153132532 1.0 0.6943302969367786 0.678122630045379 0.6553684273973213 0.6313993844003561 0.6073446826052813 0.584603920878678 0.5589255976900785 0.5372642443164579 0.5142552030626937
0.3207934438490703 0.3413380356092954 0.3530282522729544 0.3610898318028946 0.3718890305298403 0.3912400720238012 0.40315266393605903 0.40981857587163606 0.3889198838558988 0.3796513877310293 0.38047507917680623 0.38595288891783114 0.3816705473857401 0.3872839722433917 0.4058514609772663 0.4399169881712647 0.442405602963809 0.44677423897117186 0.44892575672959933 0.45196092958280354 0.4567047988929033 0.4626526310516644 0.49684368555248015 0.5101892130544191 0.5162199507015262 0.5320197722480915 0.5619502474768372 0.5728709817215576 0.5811283968362477 0.5900872261321616 0.606899791332851 0.6475444954208849 0.6786754131345498 0.6836686345051394 0.6943302969367786 1.0 0.6809481532192219 0.6623870095245559 0.6411725763717664 0.6186718322655766 0.5967849567131902 0.571067019229373 0.5489774070947362 0.5251450628525681
0.31607694298319305 0.3360836702551826 0.347321058731584 0.35494084372181123 0.36519960320564837 0.38378582117111243 0.3949328907291115 0.40078721582579835 0.3793216580412343 0.3700203607843237 0.37055414680335436 0.3756075398920609 0.37115529507602557 0.3763175532466428 0.3940096375148666 0.42666309210742515 0.42864888095272957 0.4324476819374066 0.4340934055942956 0.43659250544407585 0.44074532073422856 0.44606627505487106 0.4786057839758128 0.4910597812813258 0.4965069738625087 0.5113982093172655 0.539766756422823 0.549983769129082 0.5579732531528812 0.5668805679588353 0.5836524696467323 0.6233362868202846 0.6552589955714169 0.6631917340172735 0.678122630045379 0.6809481532192219 1.0 0.6661351856142889 0.6491920690881557 0.6294553422355355 0.6092817145553645 0.5842208500112698 0.562236072783868 0.5379579926069823
0.3109773064406748 0.3304301452623336 0.34121112255637315 0.34839170441352196 0.35811186073460133 0.37592900409246277 0.38631998974957193 0.39138383833139134 0.3706956934216957 0.3613358094100952 0.36157857158017837 0.3662172148009011 0.3615797091819672 0.36629867815673345 0.38315228094884174 0.4144636994668446 0.41593649062302146 0.4191552185263154 0.42027406775977383 0.4222110040274466 0.4257416719482868 0.4303960802838389 0.4612823836196628 0.47278165762924595 0.47754685746923575 0.4914159715026987 0.5179893623411356 0.5271763939736039 0.5345745744201096 0.5430207508112339 0.559224290893649 0.5968803058535105 0.628512265560131 0.637925866644408 0.6553684273973213 0.6623870095245559 0.6661351856142889 1.0 0.6503226712307756 0.6348947330611561 0.6176239046010248 0.5942643804541151 0.5732199043455913 0.5491630388630641
0.3060361736003308 0.3249874437209028 0.3353680358855079 0.3421712212466303 0.3514263768807446 0.368569903698893 0.37831622334634135 0.38272031584076177 0.36165814067537494 0.3523076054479413 0.3523182728108659 0.356600399256718 0.35184301751257246 0.3561816359681531 0.3722688139852056 0.4023274275700051 0.40338065839105314 0.4061147035418464 0.40680164284800285 0.40827142754819 0.41127488493621867 0.4153564177755755 0.44472231648461963 0.45536619984504867 0.4595264234044244 0.4724545036751968 0.49742775833099034 0.5057048167550112 0.5124795846992845 0.5203722554997138 0.5358510230614145 0.5715864740382994 0.602452856784947 0.6125935700636381 0.6313993844003561 0.6411725763717664 0.6491920690881557 0.6503226712307756 1.0 0.637069043767611 0.6240061446687732 0.6033251729174892 0.5839576123385831 0.5606367459799405
0.30179762319858106 0.32031168857708675 0.33034065888627223 0.33681085221028545 0.3456563533060091 0.36220865600283475 0.37138578009533374 0.37520463330081094 0.35380044319577053 0.34445292152619145 0.34425634849468856 0.3482224347166422 0.3433547489443719 0.3473554550328117 0.362766163795404 0.39172090719962593 0.39239631596431757 0.3946938201222984 0.3949882690072086 0.3960320825605491 0.3985536584457217 0.40210913065605447 0.43010771075682797 0.4399626428675448 0.44354704625274255 0.45559060419155767 0.4790684780089041 0.48643638569363007 0.4925336545630155 0.49977727178178555 0.5144052732936798 0.5481012021321212 0.5778532429209836 0.5880691809443354 0.6073446826052813 0.6186718322655766 0.6294553422355355 0.6348947330611561 0.637069043767611 1.0 0.6272373244022135 0.6105795376731927 0.5939834121563727 0.5722437708560574
0.29810894958136513 0.31625090446605963 0.32598386453874023 0.33217578446845386 0.34067839425009466 0.3567333263337151 0.36543619634489904 0.36877122647237115 0.3458558246304433 0.33655798384369845 0.33620000455354776 0.3398982714791896 0.3349684529468008 0.33868366833730357 0.35348555898016076 0.3814274571538184 0.38180135316115454 0.38374238278097283 0.38372411836621495 0.38442405884463404 0.3865490442870826 0.3896662890803819 0.4164392996316712 0.4256117910238337 0.4287097092317402 0.439976192684057 0.4621950377795569 0.4688326794952627 0.4743137231383893 0.4809438854875823 0.4947432455797925 0.5267648682384113 0.555318865723496 0.5653567226754695 0.584603920878678 0.5967849567131902 0.6092817145553645 0.6176239046010248 0.6240061446687732 0.6272373244022135 1.0 0.6158739742466981 0.6033561450852133 0.5842072976170244
0.2933460903721569 0.3110533678293118 0.32045872139335213 0.32635421875892956 0.3344884082346559 0.3499947719700277 0.3582005917473407 0.36105064687333455 0.3379803510172051 0.3287269894899054 0.3282040413329731 0.33163140502471045 0.32663470400212047 0.3300607478899304 0.34425062880265067 0.3711764023882292 0.3712410404721156 0.37281688066910557 0.37247562877060536 0.37281971230620875 0.37453394181729416 0.377195920713534 0.4027197762663221 0.41118205289556947 0.41376064117010874 0.42420703686492806 0.4450310461671421 0.4507908503739891 0.45555753591964276 0.46144858750352946 0.4742489673406431 0.5040707683555582 0.531050615923713 0.5403722144442008 0.5589255976900785 0.571067019229373 0.5842208500112698 0.5942643804541151 0.6033251729174892 0.6105795376731927 0.6158739742466981 1.0 0.6050787095479552 0.590166089032172
0.29086686020137553 0.3082853953649649 0.31744605211532495 0.3231022408475785 0.33094465993120187 0.3460400369897637 0.353833589839563 0.3562463593827719 0.332875599954531 0.32360098050251374 0.3229192255537433 0.32611500820583594 0.3210211690527226 0.3241982760326792 0.33790867815317754 0.3640612309379439 0.3638342196488663 0.3650755851757491 0.3644258551921467 0.3644343493839857 0.36576954999448574 0.3680156186143203 0.39252903203349493 0.4003697408559236 0.4024635635996422 0.41219061784712735 0.43181395684232166 0.43674816114132164 0.440826256446695 0.4459980237524668 0.4578584790781106 0.48566976630889935 0.5111577146341711 0.5196033266938967 0.5372642443164579 0.5489774070947362 0.562236072783868 0.5732199043455913 0.5839576123385831 0.5939834121563727 0.6033561450852133 0.6050787095479552 1.0 0.5971775591508112
0.28759642284761683 0.30468748299723797 0.31358887225840343 0.31900232801585526 0.3265458338054694 0.341207101942923 0.34858938720991994 0.35058535966057613 0.32701356883477584 0.3177496623905541 0.31692190012999144 0.31989094647493 0.31472315433795117 0.3176572995792026 0.3308747085161113 0.35621883740133636 0.35571965043441384 0.35664368059752233 0.35570666842838117 0.35539979407705036 0.35637389201947917 0.3582203615236063 0.3817033492585038 0.38893013856146025 0.3905546397253505 0.3995643417801455 0.41797995250163217 0.42209822487944887 0.4254832956950586 0.4299180242122842 0.44079531797034255 0.4665275718489594 0.49038752881150227 0.497778095157247 0.5142552030626937 0.5251450628525681 0.5379579926069823 0.5491630388630641 0.5606367459799405 0.5722437708560574 0.5842072976170244 0.590166089032172 0.5971775591508112 1.0
