# line 2: x-coordinate lattice, line 3: y-coordinate lattice starting line 4: correlation entries, each line a row
0.97322 1.4437 1.94207 2.44002 2.94294 3.44177 3.94606 4.44641 4.94324 5.44436 5.94887 6.60113 7.38651 8.19486 8.98886 9.88371 10.8833 11.8878 12.8907 13.8937 14.8925 15.893 16.8946 18.8943 19.8958
0.97322 1.4437 1.94207 2.44002 2.94294 3.44177 3.94606 4.44641 4.94324 5.44436 5.94887 6.60113 7.38651 8.19486 8.98886 9.88371 10.8833 11.8878 12.8907 13.8937 14.8925 15.893 16.8946 18.8943 19.8958
1.0 0.8726315983928763 0.7839378461595152 0.7092342984284352 0.6792753636154989 0.6422785867892221 0.6175910879193937 0.5909599132601062 0.5737450045076339 0.5520047804142071 0.5379135194172303 0.5573511102088835 0.5466425650586036 0.5237489911325991 0.5066558482498453 0.4921340499636355 0.4525386858093054 0.44192854480458943 0.4220222609074299 0.4080334067883956 0.3969205752477815 0.389151905182051 0.36886258060950516 0.3610278741546911 0.3571382672909367
0.8726315983928763 1.0 0.8889776929421584 0.8050871510791038 0.7623849157468386 0.710796195330568 0.6757566547054527 0.6384825424443895 0.6149128478484672 0.5857942116946786 0.5665305743640706 0.5856449774641149 0.5707100428200863 0.5422076029395092 0.5214476066046742 0.5035539649930045 0.45928538006479247 0.44701240996240843 0.42504107889609055 0.40963260761094517 0.39746248059222367 0.3889264086646386 0.3673807134304816 0.3587971162896817 0.354583039005942
0.7839378461595152 0.8889776929421584 1.0 0.8792455148148046 0.8428042841384795 0.7865702384498874 0.7455501081006266 0.7017255572469817 0.673053381326228 0.6392444192546721 0.6161911730721804 0.6321391125915622 0.6133570609024177 0.5816493923709274 0.5582770161374995 0.5384218465755234 0.49217887209182487 0.478616674924119 0.455519426326416 0.43933382370166346 0.42651389420852637 0.41748142648285735 0.3953723857330283 0.3861261541819426 0.3816664411195456
0.7092342984284352 0.8050871510791038 0.8792455148148046 1.0 0.8840394380402089 0.8397367437471963 0.8014248177962578 0.7590693244938429 0.728719393523585 0.6953096928744316 0.6715191831296189 0.681385642541081 0.660250997516713 0.6295234734536137 0.6057811764406413 0.5864752253555385 0.5428671778850287 0.5289105926681636 0.5065208219351491 0.4907965480347319 0.47819362917953223 0.46925034917713837 0.4480662033097497 0.4385397481770971 0.4340520045258453
0.6792753636154989 0.7623849157468386 0.8428042841384795 0.8840394380402089 1.0 0.9004934496026752 0.8714354217598774 0.8343506827190942 0.8040667584033285 0.7720322315958109 0.7480786804749312 0.7529514908615196 0.7294161788927279 0.6993158694763962 0.6748066383330505 0.6557257219780613 0.6136629958353453 0.5989211979414303 0.5766358581183719 0.5609289221195616 0.5481748144628467 0.5390511915051288 0.5182184678391071 0.5081103489127975 0.5034490002973925
0.6422785867892221 0.710796195330568 0.7865702384498874 0.8397367437471963 0.9004934496026752 1.0 0.9008509094750194 0.8767487455751591 0.8509099292177325 0.8246553151574169 0.8034100895895471 0.8031634832423505 0.7791550504781897 0.7524368089047571 0.7288990028416902 0.7116425548426386 0.6738996853300753 0.6591349105688236 0.6382068764672287 0.6233658034653515 0.6111066250378996 0.6022502805266378 0.5828276375393071 0.5725469958326874 0.567910414068857
0.6175910879193937 0.6757566547054527 0.7455501081006266 0.8014248177962578 0.8714354217598774 0.9008509094750194 1.0 0.8989938310558986 0.8795930200853943 0.8576421802777207 0.8382268138445671 0.8372915383383002 0.8128148405165196 0.7859186354520071 0.7614990105252187 0.7436472962101177 0.705597714117299 0.6900445744207716 0.6686426876289236 0.6534413692586459 0.640827798669998 0.6316712804516363 0.6121443196728544 0.6013619555431405 0.5965516151672907
0.5909599132601062 0.6384825424443895 0.7017255572469817 0.7590693244938429 0.8343506827190942 0.8767487455751591 0.8989938310558986 1.0 0.9007308327138372 0.8905026622442329 0.877823326199187 0.8732527093018128 0.8511011332488528 0.8304987190287203 0.8088231490777769 0.7942959900373393 0.7625238248887188 0.7475796401761066 0.728356164875537 0.7145630006917504 0.7028435312785627 0.6942308897020628 0.6766695924328499 0.6659627763071936 0.6612886648229243
0.5737450045076339 0.6149128478484672 0.673053381326228 0.728719393523585 0.8040667584033285 0.8509099292177325 0.8795930200853943 0.9007308327138372 1.0 0.9000064190121503 0.8918742180001945 0.8895716945779928 0.8692750504436626 0.8492804009042715 0.8273102758995466 0.812271282460253 0.779644964669797 0.7640742772410535 0.7441587624516783 0.7298628855221411 0.717695592712576 0.7087296558984938 0.6907479767769088 0.6795632810961123 0.6747044955607107
0.5520047804142071 0.5857942116946786 0.6392444192546721 0.6953096928744316 0.7720322315958109 0.8246553151574169 0.8576421802777207 0.8905026622442329 0.9000064190121503 1.0 0.9134007945265322 0.9089946234573933 0.893548451369719 0.881769388048961 0.86377319118163 0.8529101407332575 0.8273497885575912 0.8128630190416514 0.7954392105604632 0.7827749373852737 0.7716667617320258 0.7633720627759789 0.7474038023036369 0.7364446658331633 0.7317797232756684
0.5379135194172303 0.5665305743640706 0.6161911730721804 0.6715191831296189 0.7480786804749312 0.8034100895895471 0.8382268138445671 0.877823326199187 0.8918742180001945 0.9134007945265322 1.0 0.9203108364549526 0.909768333418835 0.9038515365036679 0.8886979028619509 0.8803911694756301 0.8585450376483773 0.8445526513053846 0.8282861225408573 0.8163337005935413 0.8056298100193255 0.7975564497770196 0.7825332505180853 0.7715136532097497 0.766867507300372
0.5573511102088835 0.5856449774641149 0.6321391125915622 0.681385642541081 0.7529514908615196 0.8031634832423505 0.8372915383383002 0.8732527093018128 0.8895716945779928 0.9089946234573933 0.9203108364549526 1.0 0.9308591250775559 0.9175662283833548 0.8975949255794173 0.8825344768332144 0.8457000597545603 0.8280186044055166 0.8050411036823835 0.7883149959108583 0.7740784075938942 0.7634637247469644 0.7432224899663104 0.7300042472860955 0.7242595589611933
0.5466425650586036 0.5707100428200863 0.6133570609024177 0.660250997516713 0.7294161788927279 0.7791550504781897 0.8128148405165196 0.8511011332488528 0.8692750504436626 0.893548451369719 0.909768333418835 0.9308591250775559 1.0 0.9298003942107144 0.9136759400975842 0.9008110870061523 0.8640729657816563 0.8464629220403671 0.8227445971132062 0.805352082912489 0.7904700750669844 0.7793194349841972 0.7580463469749759 0.744085700452316 0.7380142638449015
0.5237489911325991 0.5422076029395092 0.5816493923709274 0.6295234734536137 0.6993158694763962 0.7524368089047571 0.7859186354520071 0.8304987190287203 0.8492804009042715 0.881769388048961 0.9038515365036679 0.9175662283833548 0.9298003942107144 1.0 0.9352625021523033 0.9315963022769261 0.9070142051147251 0.8924510584901932 0.8730880311768398 0.8584819241937154 0.8454399363059424 0.8354728885788515 0.8170085559888215 0.8036504785543128 0.7979206691450086
0.5066558482498453 0.5214476066046742 0.5582770161374995 0.6057811764406413 0.6748066383330505 0.7288990028416902 0.7614990105252187 0.8088231490777769 0.8273102758995466 0.86377319118163 0.8886979028619509 0.8975949255794173 0.9136759400975842 0.9352625021523033 1.0 0.9411560793226726 0.9247120827148009 0.9126745576819996 0.8960833728933657 0.8831784527099298 0.8712086033613201 0.8619033061667541 0.844823619808593 0.8317518648614278 0.8261596781879094
0.4921340499636355 0.5035539649930045 0.5384218465755234 0.5864752253555385 0.6557257219780613 0.7116425548426386 0.7436472962101177 0.7942959900373393 0.812271282460253 0.8529101407332575 0.8803911694756301 0.8825344768332144 0.9008110870061523 0.9315963022769261 0.9411560793226726 1.0 0.9479619951767807 0.9393533692978668 0.926599149107297 0.9160765318136517 0.9056599350642183 0.8973389525508406 0.88215867868686 0.8695969980252527 0.8642404471280393
0.4525386858093054 0.45928538006479247 0.49217887209182487 0.5428671778850287 0.6136629958353453 0.6738996853300753 0.705597714117299 0.7625238248887188 0.779644964669797 0.8273497885575912 0.8585450376483773 0.8457000597545603 0.8640729657816563 0.9070142051147251 0.9247120827148009 0.9479619951767807 1.0 0.9602947257630469 0.9563386845024034 0.9517324014175333 0.9455383644824725 0.9401238422654639 0.9309262679170833 0.9206369587568417 0.9163648136749032
0.44192854480458943 0.44701240996240843 0.478616674924119 0.5289105926681636 0.5989211979414303 0.6591349105688236 0.6900445744207716 0.7475796401761066 0.7640742772410535 0.8128630190416514 0.8445526513053846 0.8280186044055166 0.8464629220403671 0.8924510584901932 0.9126745576819996 0.9393533692978668 0.9602947257630469 1.0 0.9601833532222389 0.9574842319662757 0.952492542893216 0.9478514163812967 0.9393738210685817 0.9295244149386518 0.9253801229984473
0.4220222609074299 0.42504107889609055 0.455519426326416 0.5065208219351491 0.5766358581183719 0.6382068764672287 0.6686426876289236 0.728356164875537 0.7441587624516783 0.7954392105604632 0.8282861225408573 0.8050411036823835 0.8227445971132062 0.8730880311768398 0.8960833728933657 0.926599149107297 0.9563386845024034 0.9601833532222389 1.0 0.9652078644525262 0.9627285898202288 0.9598169576048138 0.9542903642746149 0.9458143474623174 0.9422533670762054
0.4080334067883956 0.40963260761094517 0.43933382370166346 0.4907965480347319 0.5609289221195616 0.6233658034653515 0.6534413692586459 0.7145630006917504 0.7298628855221411 0.7827749373852737 0.8163337005935413 0.7883149959108583 0.805352082912489 0.8584819241937154 0.8831784527099298 0.9160765318136517 0.9517324014175333 0.9574842319662757 0.9652078644525262 1.0 0.9685536475854543 0.9671121677016518 0.9637546197540837 0.956446174410056 0.9533493759587721
0.3969205752477815 0.39746248059222367 0.42651389420852637 0.47819362917953223 0.5481748144628467 0.6111066250378996 0.640827798669998 0.7028435312785627 0.717695592712576 0.7716667617320258 0.8056298100193255 0.7740784075938942 0.7904700750669844 0.8454399363059424 0.8712086033613201 0.9056599350642183 0.9455383644824725 0.952492542893216 0.9627285898202288 0.9685536475854543 1.0 0.9700081419999181 0.9685312296167273 0.962356894285398 0.9596953568309605
0.389151905182051 0.3889264086646386 0.41748142648285735 0.46925034917713837 0.5390511915051288 0.6022502805266378 0.6316712804516363 0.6942308897020628 0.7087296558984938 0.7633720627759789 0.7975564497770196 0.7634637247469644 0.7793194349841972 0.8354728885788515 0.8619033061667541 0.8973389525508406 0.9401238422654639 0.9478514163812967 0.9598169576048138 0.9671121677016518 0.9700081419999181 1.0 0.9712430337930232 0.9661537571984455 0.9638877687395805
0.36886258060950516 0.3673807134304816 0.3953723857330283 0.4480662033097497 0.5182184678391071 0.5828276375393071 0.6121443196728544 0.6766695924328499 0.6907479767769088 0.7474038023036369 0.7825332505180853 0.7432224899663104 0.7580463469749759 0.8170085559888215 0.844823619808593 0.88215867868686 0.9309262679170833 0.9393738210685817 0.9542903642746149 0.9637546197540837 0.9685312296167273 0.9712430337930232 1.0 0.9716777595098848 0.9702190843864137
0.3610278741546911 0.3587971162896817 0.3861261541819426 0.4385397481770971 0.5081103489127975 0.5725469958326874 0.6013619555431405 0.6659627763071936 0.6795632810961123 0.7364446658331633 0.7715136532097497 0.7300042472860955 0.744085700452316 0.8036504785543128 0.8317518648614278 0.8695969980252527 0.9206369587568417 0.9295244149386518 0.9458143474623174 0.956446174410056 0.962356894285398 0.9661537571984455 0.9716777595098848 1.0 0.9695743253277261
0.3571382672909367 0.354583039005942 0.3816664411195456 0.4340520045258453 0.5034490002973925 0.567910414068857 0.5965516151672907 0.6612886648229243 0.6747044955607107 0.7317797232756684 0.766867507300372 0.7242595589611933 0.7380142638449015 0.7979206691450086 0.8261596781879094 0.8642404471280393 0.9163648136749032 0.9253801229984473 0.9422533670762054 0.9533493759587721 0.9596953568309605 0.9638877687395805 0.9702190843864137 0.9695743253277261 1.0
