# line 2: x-coordinate lattice, line 3: y-coordinate lattice starting line 4: correlation entries, each line a row
29.22 30.68 32.21 33.82 35.51 37.29 39.16 41.12 43.17 45.33 47.59 49.97 52.73 55.89 59.25 62.8 66.57 70.57 74.8 79.28 84.04 89.09 94.43 100.1 106.62 114.08 122.06 130.61 139.75
29.22 30.68 32.21 33.82 35.51 37.29 39.16 41.12 43.17 45.33 47.59 49.97 52.73 55.89 59.25 62.8 66.57 70.57 74.8 79.28 84.04 89.09 94.43 100.1 106.62 114.08 122.06 130.61 139.75
1.0 0.6573516858597819 0.6562159079593544 0.7251341149080047 0.7228838358320355 0.7160179168281616 0.662114481635301 0.6559279578490453 0.6443873015509038 0.679861887475749 0.6673134277881495 0.660628045868121 0.6866559165947236 0.674196002316697 0.6601110312147593 0.6440546160306323 0.6325553485543681 0.6232633250264539 0.6045082326625398 0.5902047431043935 0.5835696899565402 0.5519849472960348 0.5498369674062835 0.49570501049012455 0.42158584955391126 0.4094029712616982 0.3742186950785642 0.40108955389153056 0.3848119459677718
0.6573516858597819 1.0 0.6616044136343816 0.7317443979905829 0.7299601284541202 0.7234199157299701 0.6681482154686799 0.6620297985701558 0.650470524144045 0.6863437743234814 0.6737128979479617 0.666979334270112 0.6936395440733919 0.681027424306873 0.6667559096485354 0.6504813992618523 0.6388018342159161 0.6296025691511238 0.610573753236794 0.5960429085536715 0.5892578859393978 0.5572854755882464 0.5550385357684794 0.5001704148186987 0.42532913325671706 0.4129836898686656 0.3774443313725868 0.4044986385300304 0.38803909606518233
0.6562159079593544 0.6616044136343816 1.0 0.7325756086038995 0.7313761063639161 0.7253069504024395 0.6692773310883472 0.6633118219111389 0.6518520060926982 0.6878954289899782 0.6752983914396427 0.6685859547819334 0.6957121560767789 0.6830570475267775 0.6687145089329101 0.6523469727274716 0.6405764371434666 0.6315494477786695 0.6123828402567422 0.5977273344544839 0.5908396833260097 0.5587014963166324 0.5563696177604565 0.5011377216989753 0.4260958529189467 0.41367206339232265 0.3780244227143762 0.4050702492311295 0.3885420300207381
0.7251341149080047 0.7317443979905829 0.7325756086038995 1.0 0.8123134366235858 0.8061445757442398 0.737284211406582 0.7308477947242805 0.7182893102466251 0.7580198895744011 0.7441033905010422 0.7366316667115165 0.7684028776657985 0.7542290221525433 0.7381652130728885 0.7198534412289985 0.7066085772642936 0.6977519820828191 0.6762873120534849 0.6598195000166386 0.6519381712739645 0.6162178324247948 0.6133951802953879 0.551351900556977 0.46861841463312653 0.454783639260793 0.41544498471913677 0.4450177578279385 0.4267238664751377
0.7228838358320355 0.7299601284541202 0.7313761063639161 0.8123134366235858 1.0 0.8072939943692787 0.7382279495733892 0.7320877581763593 0.7197491840213369 0.7597620222244873 0.7459640179443201 0.7385826253741523 0.7709599153504942 0.7567979421569686 0.7406967170549638 0.7223073026555386 0.7089782434417958 0.700360664499972 0.6787390214135737 0.6621258592016813 0.6541247489088426 0.6181929218136935 0.615267837775219 0.5527439674211382 0.46973310541179536 0.4557956500377147 0.41630774212368293 0.44587835745040844 0.4274909911231907
0.7160179168281616 0.7234199157299701 0.7253069504024395 0.8061445757442398 0.8072939943692787 1.0 0.7344699715008765 0.7287290232552613 0.7167450134493573 0.7568462850892222 0.7432983903598296 0.7360928641374791 0.7689070607676076 0.7548838365713301 0.7388741429691185 0.7205411602184884 0.707225714664464 0.6989190225880813 0.6772776825301371 0.6606234386986115 0.6525542055891702 0.6166204845649987 0.6136112722818383 0.550956988229529 0.4681455435638211 0.454184299299461 0.4147728199633999 0.44416896219762686 0.4257920070500805
0.662114481635301 0.6681482154686799 0.6692773310883472 0.737284211406582 0.7382279495733892 0.7344699715008765 1.0 0.764605367012163 0.7523768077960097 0.7947489074268196 0.7807162615640588 0.773272608516062 0.7797765159876687 0.7661292155104289 0.7504136717438787 0.7322824646563264 0.7192018861926297 0.7037253441863521 0.6824835163855699 0.6662093274802182 0.6585493817276323 0.6227136288486125 0.6200771551973351 0.5622235923173864 0.4665488926897722 0.4531231458750674 0.41422254551195403 0.44400120764324935 0.42600960240748037
0.6559279578490453 0.6620297985701558 0.6633118219111389 0.7308477947242805 0.7320877581763593 0.7287290232552613 0.764605367012163 1.0 0.7479214356584523 0.7904607198553955 0.7768423150399584 0.769707931255832 0.776368121689094 0.7629589551469118 0.7474263392351608 0.7294354016348353 0.7164351268590677 0.701203327854524 0.6800127211559176 0.6637544522971514 0.6560660652613584 0.620302031657021 0.6176059581492717 0.5597877398374506 0.4642355228640462 0.45082732215557925 0.4120793587594818 0.44165726888545276 0.42371735358312096
0.6443873015509038 0.650470524144045 0.6518520060926982 0.7182893102466251 0.7197491840213369 0.7167450134493573 0.7523768077960097 0.7479214356584523 1.0 0.7793320780734805 0.7663077747175725 0.7596008968477606 0.7664243630467038 0.753418593558554 0.738242825757735 0.7205776806168191 0.7077946545443613 0.6929524654367862 0.6720066260275713 0.6559125345785148 0.6482705114714583 0.6128768535768888 0.6101497884816723 0.5528365488684668 0.45817655267898494 0.444895443595037 0.40661329967568205 0.4357522035099254 0.41800854249285807
0.679861887475749 0.6863437743234814 0.6878954289899782 0.7580198895744011 0.7597620222244873 0.7568462850892222 0.7947489074268196 0.7904607198553955 0.7793320780734805 1.0 0.8114724046651313 0.8047956094914057 0.8123728288668145 0.7989015654775744 0.7830398995317935 0.7644612386980221 0.7510012627616852 0.7355008059912085 0.7132898444481348 0.6961979430868642 0.688054429912963 0.6504414074868177 0.6474876613340754 0.5864623695993563 0.4857252724255821 0.47159558551303726 0.43096923176738067 0.4618033974037741 0.4429516599770848
0.6673134277881495 0.6737128979479617 0.6752983914396427 0.7441033905010422 0.7459640179443201 0.7432983903598296 0.7807162615640588 0.7768423150399584 0.7663077747175725 0.8114724046651313 1.0 0.7928852430309132 0.8007804568145176 0.7878847633431502 0.7725321106404863 0.754411792678059 0.7412727325968438 0.7262483500043723 0.7043680339308113 0.6875048692226403 0.6794500621655412 0.6422744461088493 0.6393093008017 0.5788562072722612 0.47910690641795867 0.4651222490279229 0.42500823481803773 0.4553665494205557 0.4367305098284564
0.660628045868121 0.666979334270112 0.6685859547819334 0.7366316667115165 0.7385826253741523 0.7360928641374791 0.773272608516062 0.769707931255832 0.7596008968477606 0.8047956094914057 0.7928852430309132 1.0 0.7957672578121089 0.783416581090651 0.7685122334317572 0.7507554470908754 0.7378747348850985 0.7232293320492701 0.7015274470267515 0.6847760049915816 0.6767629884925546 0.6397183629003151 0.636729440704618 0.5763273382681225 0.47669306845231785 0.4627340491200763 0.42278202855691815 0.45293249597418855 0.4343488686165292
0.6866559165947236 0.6936395440733919 0.6957121560767789 0.7684028776657985 0.7709599153504942 0.7689070607676076 0.7797765159876687 0.776368121689094 0.7664243630467038 0.8123728288668145 0.8007804568145176 0.7957672578121089 1.0 0.8011559593479347 0.7863812227330543 0.7685455849210242 0.7555849441151908 0.7432680741188584 0.7209938131750215 0.703741992326747 0.6954211579491334 0.6572363735269369 0.6540191744233685 0.5900130480010718 0.4914308598377908 0.47681516782249284 0.43544264309770403 0.46628032691722887 0.4469483621568522
0.674196002316697 0.681027424306873 0.6830570475267775 0.7542290221525433 0.7567979421569686 0.7548838365713301 0.7661292155104289 0.7629589551469118 0.753418593558554 0.7989015654775744 0.7878847633431502 0.783416581090651 0.8011559593479347 1.0 0.7762161632400264 0.7591460519630037 0.7467590729648825 0.7351218722858536 0.7133342314259451 0.6964279560970587 0.6882927171364291 0.6505450170653957 0.6473672686714175 0.5837668929539284 0.4859441504209206 0.47144470176427017 0.4304866671495468 0.4609121154667105 0.4417406910612564
0.6601110312147593 0.6667559096485354 0.6687145089329101 0.7381652130728885 0.7406967170549638 0.7388741429691185 0.7504136717438787 0.7474263392351608 0.738242825757735 0.7830398995317935 0.7725321106404863 0.7685122334317572 0.7863812227330543 0.7762161632400264 1.0 0.7471918892973508 0.7355209685654834 0.7246538283125347 0.703505062475787 0.687065986599396 0.679199295689432 0.6420430853922712 0.6389517571293533 0.5759618100490631 0.4791792482254068 0.4648465597635063 0.4244179976544462 0.4543589379299321 0.4354015081940928
0.6440546160306323 0.6504813992618523 0.6523469727274716 0.7198534412289985 0.7223073026555386 0.7205411602184884 0.7322824646563264 0.7294354016348353 0.7205776806168191 0.7644612386980221 0.754411792678059 0.7507554470908754 0.7685455849210242 0.7591460519630037 0.7471918892973508 1.0 0.7213153532611198 0.7113072775075259 0.6909700653864996 0.6751381409075471 0.6676354996905419 0.6312594331560565 0.6283103043151969 0.5661926628958572 0.47080957457851447 0.45670755508752814 0.41695366540997536 0.44632071313618876 0.4276456756067389
0.6325553485543681 0.6388018342159161 0.6405764371434666 0.7066085772642936 0.7089782434417958 0.707225714664464 0.7192018861926297 0.7164351268590677 0.7077946545443613 0.7510012627616852 0.7412727325968438 0.7378747348850985 0.7555849441151908 0.7467590729648825 0.7355209685654834 0.7213153532611198 1.0 0.7022128523250035 0.6826658035253446 0.6674323648014581 0.660324031453712 0.6245596004571784 0.6217869711735449 0.5601848546915703 0.465602206287462 0.45165543300435346 0.41232113030949147 0.4413247841782306 0.422812668055149
0.6232633250264539 0.6296025691511238 0.6315494477786695 0.6977519820828191 0.700360664499972 0.6989190225880813 0.7037253441863521 0.701203327854524 0.6929524654367862 0.7355008059912085 0.7262483500043723 0.7232293320492701 0.7432680741188584 0.7351218722858536 0.7246538283125347 0.7113072775075259 0.7022128523250035 1.0 0.6769481432984957 0.6622566982393404 0.6554546531645162 0.620062090290676 0.6173090126552827 0.5545377812663584 0.4607267925055543 0.4467449181034646 0.40764507420099455 0.43609286632194494 0.41757169533507277
0.6045082326625398 0.610573753236794 0.6123828402567422 0.6762873120534849 0.6787390214135737 0.6772776825301371 0.6824835163855699 0.6800127211559176 0.6720066260275713 0.7132898444481348 0.7043680339308113 0.7015274470267515 0.7209938131750215 0.7133342314259451 0.703505062475787 0.6909700653864996 0.6826658035253446 0.6769481432984957 1.0 0.6458572723859958 0.6397713822022341 0.6056348164833156 0.6032561205852136 0.5419133920884581 0.4501365328325622 0.43653359348793874 0.3983467697987168 0.4261387179561803 0.4080136138312891
0.5902047431043935 0.5960429085536715 0.5977273344544839 0.6598195000166386 0.6621258592016813 0.6606234386986115 0.6662093274802182 0.6637544522971514 0.6559125345785148 0.6961979430868642 0.6875048692226403 0.6847760049915816 0.703741992326747 0.6964279560970587 0.687065986599396 0.6751381409075471 0.6674323648014581 0.6622566982393404 0.6458572723859958 1.0 0.6279587304593512 0.5949615588431384 0.593023963192594 0.5328140110757721 0.44254193113238166 0.4292631568500774 0.39175889592734786 0.4191073046748235 0.4012716188250456
0.5835696899565402 0.5892578859393978 0.5908396833260097 0.6519381712739645 0.6541247489088426 0.6525542055891702 0.6585493817276323 0.6560660652613584 0.6482705114714583 0.688054429912963 0.6794500621655412 0.6767629884925546 0.6954211579491334 0.6882927171364291 0.679199295689432 0.6676354996905419 0.660324031453712 0.6554546531645162 0.6397713822022341 0.6279587304593512 1.0 0.5913122792171871 0.5898912131825473 0.530201922812174 0.44041397053645404 0.42733916028401064 0.39008315481383427 0.4173591752151061 0.39960934857777686
0.5519849472960348 0.5572854755882464 0.5587014963166324 0.6162178324247948 0.6181929218136935 0.6166204845649987 0.6227136288486125 0.620302031657021 0.6128768535768888 0.6504414074868177 0.6422744461088493 0.6397183629003151 0.6572363735269369 0.6505450170653957 0.6420430853922712 0.6312594331560565 0.6245596004571784 0.620062090290676 0.6056348164833156 0.5949615588431384 0.5913122792171871 1.0 0.5607521305165886 0.504327481811251 0.41904996905073283 0.40679428278273416 0.37144446422018784 0.3974930980188823 0.38062426727962523
0.5498369674062835 0.5550385357684794 0.5563696177604565 0.6133951802953879 0.615267837775219 0.6136112722818383 0.6200771551973351 0.6176059581492717 0.6101497884816723 0.6474876613340754 0.6393093008017 0.636729440704618 0.6540191744233685 0.6473672686714175 0.6389517571293533 0.6283103043151969 0.6217869711735449 0.6173090126552827 0.6032561205852136 0.593023963192594 0.5898912131825473 0.5607521305165886 1.0 0.5047072179290636 0.4195986998692639 0.4075712302022503 0.372314642972955 0.39854045429713486 0.3816942381674731
0.49570501049012455 0.5001704148186987 0.5011377216989753 0.551351900556977 0.5527439674211382 0.550956988229529 0.5622235923173864 0.5597877398374506 0.5528365488684668 0.5864623695993563 0.5788562072722612 0.5763273382681225 0.5900130480010718 0.5837668929539284 0.5759618100490631 0.5661926628958572 0.5601848546915703 0.5545377812663584 0.5419133920884581 0.5328140110757721 0.530201922812174 0.504327481811251 0.5047072179290636 1.0 0.3792704829248604 0.36874810883069775 0.33713647234207716 0.3611582384429393 0.34612471591472577
0.42158584955391126 0.42532913325671706 0.4260958529189467 0.46861841463312653 0.46973310541179536 0.4681455435638211 0.4665488926897722 0.4642355228640462 0.45817655267898494 0.4857252724255821 0.47910690641795867 0.47669306845231785 0.4914308598377908 0.4859441504209206 0.4791792482254068 0.47080957457851447 0.465602206287462 0.4607267925055543 0.4501365328325622 0.44254193113238166 0.44041397053645404 0.41904996905073283 0.4195986998692639 0.3792704829248604 1.0 0.31176812960398254 0.28527546503752305 0.3058130292177163 0.29325072963739385
0.4094029712616982 0.4129836898686656 0.41367206339232265 0.454783639260793 0.4557956500377147 0.454184299299461 0.4531231458750674 0.45082732215557925 0.444895443595037 0.47159558551303726 0.4651222490279229 0.4627340491200763 0.47681516782249284 0.47144470176427017 0.4648465597635063 0.45670755508752814 0.45165543300435346 0.4467449181034646 0.43653359348793874 0.4292631568500774 0.42733916028401064 0.40679428278273416 0.4075712302022503 0.36874810883069775 0.31176812960398254 1.0 0.2781811411982899 0.29842137291431786 0.28631513596069086
0.3742186950785642 0.3774443313725868 0.3780244227143762 0.41544498471913677 0.41630774212368293 0.4147728199633999 0.41422254551195403 0.4120793587594818 0.40661329967568205 0.43096923176738067 0.42500823481803773 0.42278202855691815 0.43544264309770403 0.4304866671495468 0.4244179976544462 0.41695366540997536 0.41232113030949147 0.40764507420099455 0.3983467697987168 0.39175889592734786 0.39008315481383427 0.37144446422018784 0.372314642972955 0.33713647234207716 0.28527546503752305 0.2781811411982899 1.0 0.2738587504158147 0.2629367268301302
0.40108955389153056 0.4044986385300304 0.4050702492311295 0.4450177578279385 0.44587835745040844 0.44416896219762686 0.44400120764324935 0.44165726888545276 0.4357522035099254 0.4618033974037741 0.4553665494205557 0.45293249597418855 0.46628032691722887 0.4609121154667105 0.4543589379299321 0.44632071313618876 0.4413247841782306 0.43609286632194494 0.4261387179561803 0.4191073046748235 0.4173591752151061 0.3974930980188823 0.39854045429713486 0.3611582384429393 0.3058130292177163 0.29842137291431786 0.2738587504158147 1.0 0.2828910504477932
0.3848119459677718 0.38803909606518233 0.3885420300207381 0.4267238664751377 0.4274909911231907 0.4257920070500805 0.42600960240748037 0.42371735358312096 0.41800854249285807 0.4429516599770848 0.4367305098284564 0.4343488686165292 0.4469483621568522 0.4417406910612564 0.4354015081940928 0.4276456756067389 0.422812668055149 0.41757169533507277 0.4080136138312891 0.4012716188250456 0.39960934857777686 0.38062426727962523 0.3816942381674731 0.34612471591472577 0.29325072963739385 0.28631513596069086 0.2629367268301302 0.2828910504477932 1.0
