# line 2: x-coordinate lattice, line 3: y-coordinate lattice starting line 4: correlation entries, each line a row
2.53e-08 0.00025 0.00035 0.00045 0.00055 0.00065 0.00075 0.00085 0.00095 0.0015 0.00189 0.00212 0.002375 0.002665 0.00299 0.003355 0.003765 0.004225 0.004739999999999999 0.005315 0.005965 0.0066949999999999996 0.007509999999999999 0.008424999999999998 0.009455 0.0106 0.0119 0.01335 0.014949999999999998 0.0168 0.0189 0.0212 0.02375 0.02665 0.029899999999999996 0.033549999999999996 0.037649999999999996 0.042249999999999996 0.0474 0.05315 0.05965 0.06695000000000001 0.0751 0.08424999999999999 0.09455 0.10599999999999998 0.119 0.1335 0.1495 0.16799999999999998
2.53e-08 0.00025 0.00035 0.00045 0.00055 0.00065 0.00075 0.00085 0.00095 0.0015 0.00189 0.00212 0.002375 0.002665 0.00299 0.003355 0.003765 0.004225 0.004739999999999999 0.005315 0.005965 0.0066949999999999996 0.007509999999999999 0.008424999999999998 0.009455 0.0106 0.0119 0.01335 0.014949999999999998 0.0168 0.0189 0.0212 0.02375 0.02665 0.029899999999999996 0.033549999999999996 0.037649999999999996 0.042249999999999996 0.0474 0.05315 0.05965 0.06695000000000001 0.0751 0.08424999999999999 0.09455 0.10599999999999998 0.119 0.1335 0.1495 0.16799999999999998
1.0 0.138706389836585 0.2467396401434848 0.01625260080117228 0.0735677063957587 0.06517186386093524 0.015156077045808685 0.02706427280725716 0.010110025752583322 0.0060703011403827984 0.0037158135475302626 0.0011195661050102848 0.012707158806033752 0.012127934587139158 0.01157423432679586 0.011030192764893726 0.010267761181634921 0.01000457802543959 0.009558272990029761 0.009103398823911372 0.008326472050754636 0.008309689229100565 0.00794843999882082 0.007667285384491443 0.007587830139183644 0.0073168617916692736 0.007138050878969568 0.007166059096469666 0.006868089005364777 0.006698887456388644 0.006854739204021517 0.006620541303396278 0.006493631344961058 0.0065253734961347055 0.006737702254737139 0.005493791344589165 0.00508296172188854 0.005844893455690267 0.006058825453059497 0.006074253670001428 0.006417512684162471 0.006296786037679349 0.006584720910489246 0.00557911177820049 0.0057485870438097565 0.006583609877717479 0.006705313222825052 0.007229168608990564 0.006267604638575033 0.007089593106966854
0.138706389836585 1.0 -0.5411459050047206 0.952528004174504 -0.8664394743597628 0.9606376496954749 0.9512494636390038 -0.9179035899770187 0.9489694046480618 -0.9178701985411899 0.9315742378015487 -0.9298028533756023 -0.006295264160394871 0.011176947954918574 0.012080206016089404 0.012684904535817245 -0.05605962234159188 -0.07176974653129904 0.021248100391436164 -0.010014112068626154 0.031006710698404254 0.006741514768024622 0.012649909864831095 -0.022318386982477956 0.010470858356655706 -0.011590836369767564 0.001363898529951298 0.02195413721196893 0.029845212793208977 0.009002347662701046 0.014204845734690528 -0.020681326028725223 -0.013830170121407392 -0.04103437756537731 -0.04124760523631306 0.019555440907754167 0.08075531455122845 0.015180317836696973 -0.05369675338465975 -0.06798033910386712 -0.02249055688995174 -0.14222555067455264 0.014486280812870185 0.0048087317357773185 0.003840643795391277 0.006873039475775487 0.010116499872910236 0.01396979333620912 0.01625445036039348 0.023235864572044993
0.2467396401434848 -0.5411459050047206 1.0 -0.7160757196394764 0.8021108664281732 -0.6371781256918528 -0.7161558147564812 0.7635313891291335 -0.7231359591204425 0.7269373732826573 -0.7207007261624588 0.7276404023190618 0.026607210717672743 0.011866255960078545 0.010111591872549805 0.008620417685930661 0.06090143378153252 0.07263904135216488 -0.0007710500801372854 0.022807844026945016 -0.010541987255346311 0.008316973307146931 0.003071996590811982 0.029864480735059016 0.004111755705239149 0.020859297576111303 0.01043381104980842 -0.0056138062730057385 -0.012271801923446788 0.0037037039863250486 -0.00012361749212371495 0.026711285386924234 0.02114919502973333 0.04241739639166396 0.04291114742844165 -0.006524949635713041 -0.05494286590628105 -0.0025667179967922326 0.051515804560737864 0.06268092428543363 0.027721394133621232 0.12096176766002374 -0.0008778829805282038 0.005078481923955322 0.0060992016007573695 0.005051083099706831 0.002709757536200467 0.000528591337127232 -0.002776655683889738 -0.006927365651214704
0.01625260080117228 0.952528004174504 -0.7160757196394764 1.0 -0.9603125216411347 0.9785101273848347 0.9979824506596662 -0.9875048913510198 0.9985493107892458 -0.9751178563219774 0.9838958126255365 -0.9848435088636578 -0.01405348846560634 0.004794570830855547 0.006087728057785894 0.007057013507607473 -0.0652550980068573 -0.0817206836574584 0.01700424978703849 -0.01581594406125482 0.028056965775118074 0.0023892831411886015 0.008855628647509023 -0.027991869104239234 0.006765062131584892 -0.016428356336477296 -0.0026106092020144914 0.01917124474782811 0.027695822168076027 0.005732583154946383 0.01115338306568129 -0.025638231138743237 -0.01831277701884022 -0.04712422976358326 -0.04746849827027988 0.017594619817482445 0.08260663453515901 0.012767240710989931 -0.060257886791085784 -0.07538477129199471 -0.027427626784296718 -0.1540964978250443 0.011618675728326215 0.001942916668461453 0.0008230324537825818 0.003562258576422008 0.0069271862604037655 0.010710848196681574 0.01367160064754565 0.020598256025001867
0.0735677063957587 -0.8664394743597628 0.802110866428173 -0.9603125216411347 1.0 -0.9145513870342835 -0.9592178093032573 0.9717421911394142 -0.9623684381405078 0.9484208845576316 -0.9516420726392214 0.9551511307106342 0.020323170325070066 0.0016740486861954612 5.776791924511916e-05 -0.0012315303048228577 0.06840272972406865 0.08416973529589857 -0.011788522400433718 0.019749669714610858 -0.023189480252844397 0.001642945507626334 -0.004827615758570597 0.030723246278423856 -0.0030246593972843793 0.019305602721221123 0.005811815018133546 -0.015302998167966866 -0.023715980663593955 -0.002520231846655442 -0.0077153934505908624 0.027825137487010432 0.02065928949339319 0.04858787074467492 0.04900867689399128 -0.014607605807908753 -0.07780143905187095 -0.009783070034689676 0.06107960106804846 0.07574257190041414 0.02941279974781281 0.15211711315144077 -0.008361495317864155 0.000570741210906197 0.0017284848858924158 -0.0005614651986460548 -0.003771113118811918 -0.007210069070689065 -0.010502634565154524 -0.016856778717365406
0.06517186386093524 0.9606376496954749 -0.6371781256918528 0.9785101273848346 -0.9145513870342835 1.0 0.9784331295372901 -0.9535007681839391 0.9774145518449634 -0.9487625399962399 0.960837640222798 -0.96003720044771 -0.009254183676787755 0.008858661406227252 0.0098618820750455 0.010558329247919673 -0.06027757097265013 -0.07647795491801779 0.019610579830899057 -0.012587311849021057 0.029919391254926816 0.004846507114886258 0.01101343557159431 -0.025034225259580614 0.00881600656967992 -0.013904564152917919 -0.0004986087861089058 0.02073635770964624 0.02895118388940806 0.007470097274406739 0.01278907565299999 -0.023169343275424747 -0.016068855802375055 -0.04416813624861568 -0.044453029878586174 0.018658026691049604 0.0819486316210551 0.014035898033429601 -0.05713280314546277 -0.07188604623610005 -0.02502376364348505 -0.14860194215708084 0.01309768447082144 0.003388855506235249 0.002339964186514845 0.005232820913684128 0.008545344981729661 0.012373618626716756 0.01500361465262931 0.021976919967982213
0.015156077045808685 0.9512494636390041 -0.7161558147564809 0.9979824506596661 -0.9592178093032575 0.9784331295372901 1.0 -0.9861881594158926 0.997991425390013 -0.9742022453438017 0.9832107598994546 -0.9840389521901013 -0.013737869309036253 0.005071015509747341 0.0063383412715455195 0.007282553599911192 -0.06500077435800068 -0.0814701291253303 0.017159099350600657 -0.015653026764004267 0.028164726583756995 0.0025093911508616016 0.008959050595478166 -0.027869520017795614 0.006854375375894552 -0.016328975212709835 -0.0025279405993859205 0.019233912159617898 0.027745683354704346 0.005794923225795636 0.01121066500737901 -0.02555712641623825 -0.01824033577799049 -0.04703116245302344 -0.047374898895690264 0.017626842678819733 0.08258498952247507 0.01280405750281246 -0.060164714648547585 -0.07528085218850039 -0.027358267658430364 -0.15393281071386286 0.01165843846708839 0.001982123903071929 0.0008638994520398084 0.003606659008538671 0.006969540025942013 0.010753710697348859 0.013705199318564124 0.02063215454097019
0.02706427280725716 -0.9179035899770187 0.7635313891291333 -0.9875048913510197 0.9717421911394142 -0.9535007681839394 -0.9861881594158926 1.0 -0.9879886465490609 0.9698921944951983 -0.9754511727399303 0.9779533926747741 0.018003540113485195 -0.0009442466843516578 -0.002461930752280361 -0.0036527020456480577 0.06783589470507527 0.08404611867901329 -0.014128913947300373 0.018271792213215645 -0.025535048264757793 -9.746096815552685e-05 -0.006645325187964407 0.029825583866231173 -0.00471912063950121 0.0182093685543562 0.004428821961185307 -0.017201057326905005 -0.02575292915850045 -0.004008526875612554 -0.00936174382202937 0.027087650125631867 0.019776254630485463 0.048373155338391836 0.04875941489853267 -0.016128651644603007 -0.08076141473087103 -0.011261656447515407 0.061267702217520745 0.07628192426178693 0.028760205822178437 0.1544549959636466 -0.00996184662250006 -0.0006001008207492033 0.0005497644473167003 -0.0019726692460537063 -0.005285595226951305 -0.008918746759695135 -0.012086708335238516 -0.018768812586204914
0.01011002575258332 0.9489694046480618 -0.7231359591204424 0.9985493107892458 -0.9623684381405078 0.9774145518449637 0.997991425390013 -0.9879886465490608 1.0 -0.975339160122186 0.9841205888309418 -0.985057756704273 -0.014017055172181967 0.004828874402188133 0.006111816603226233 0.007069065292591802 -0.06527198560756953 -0.08175341250057792 0.016983331420509364 -0.01585394385791703 0.02802270141345374 0.002340649710389582 0.00880324276391646 -0.028057687285055036 0.006702122135109648 -0.016499760885173166 -0.0026816602921842544 0.01910103143084144 0.02762725010349228 0.0056574222931660536 0.011074910697445463 -0.025725479784529777 -0.018398850104476797 -0.04721984940695954 -0.047568787774904114 0.01752567540196777 0.08255856687931336 0.012690075067219737 -0.06035765665695659 -0.07548965622334129 -0.027525934114421953 -0.15422682410922287 0.011526647664754948 0.0018623482628262198 0.0007392208981636436 0.0034664761614402783 0.006830074887840202 0.01060660872096818 0.013582107473304053 0.020498137271654365
0.0060703011403827984 -0.9178701985411896 0.7269373732826572 -0.9751178563219773 0.9484208845576316 -0.9487625399962399 -0.9742022453438017 0.969892194495198 -0.975339160122186 1.0 -0.9457939601618979 0.9773344337014175 0.09519191178751935 0.07220631294185476 0.06619335412777251 0.06037034652369667 0.1253700389185788 0.1384451961794533 0.03721443242246213 0.065569458460765 0.016925107930223702 0.04099959219172518 0.03179991307820617 0.06575463944427348 0.03040314558633263 0.05121461301165282 0.036175782074839076 0.01435489034129432 0.004133677995930451 0.024552052113261967 0.01955467698838561 0.054355643645130555 0.046315104007434715 0.07451844984232509 0.0755396051757102 0.0060932565168488545 -0.05968714773785626 0.01202762660643252 0.08455976567191359 0.09936779106522611 0.05355453064539761 0.1774294938665329 0.0156860135336355 0.020985819864236366 0.0227184556473082 0.02337963255092246 0.020511325068048102 0.018871243438343104 0.012008474782590107 0.008495331731747269
0.0037158135475302626 0.9315742378015487 -0.7207007261624587 0.9838958126255363 -0.9516420726392213 0.9608376402227977 0.9832107598994546 -0.9754511727399306 0.9841205888309418 -0.9457939601618979 1.0 -0.9657485562381852 0.017746334824781277 0.03481128226107051 0.034350321190607075 0.03342828271896561 -0.04014683924423061 -0.057622859622045 0.037832359532342284 0.003929269599932868 0.04488491901495469 0.019102143553094864 0.024300726615714082 -0.012899843122074543 0.020795635320938536 -0.002843143993805915 0.010155712413592503 0.03139555516507463 0.03905292408225195 0.016961098515146926 0.022389234281882248 -0.014361945111090495 -0.0074892628829511705 -0.03591426455510754 -0.03602040625208605 0.025971790136676432 0.08925806496447988 0.02163316632255925 -0.04998246894212877 -0.06490614407523267 -0.017222251089123727 -0.14215152810369658 0.021383996323724553 0.01030804530721253 0.009431607572424793 0.013351094228231358 0.016819005180687657 0.02129949474321063 0.0227641229266919 0.030783974875687053
0.0011195661050102845 -0.9298028533756023 0.7276404023190618 -0.9848435088636578 0.9551511307106342 -0.9600372004477099 -0.9840389521901013 0.9779533926747743 -0.9850577567042731 0.9773344337014175 -0.9657485562381855 1.0 0.044387114376061215 0.024646189609091717 0.02189212150001818 0.01921654919530738 0.08844482023156787 0.10350463879352817 0.004142137507115805 0.03500992759391989 -0.010621164781879763 0.014232739369319108 0.006656823293258726 0.04216102641865257 0.007246361904846566 0.029369566962917742 0.015088426471053013 -0.006673587993196012 -0.01584224086167643 0.005405499408989881 0.00011998401955514604 0.035977681504964346 0.028391025063959557 0.05681807230386207 0.05737668653899797 -0.008986755615990943 -0.07398971822661521 -0.003821390245314846 0.06866810206720408 0.08359461241847495 0.03661474208340837 0.16167692329581648 -0.001851380385097369 0.006213294845340874 0.007537572213967103 0.006010205583247251 0.0028299221368936933 -0.00018327597263441119 -0.004517447915743606 -0.010208628661343533
0.012707158806033752 -0.006295264160394871 0.026607210717672743 -0.014053488465606341 0.020323170325070066 -0.009254183676787757 -0.01373786930903625 0.018003540113485195 -0.014017055172181965 0.09519191178751935 0.017746334824781267 0.044387114376061215 1.0 0.17703186917347588 0.17025710857398355 0.16097905072942037 0.14928777836427665 0.14231204560832125 0.12911868522903203 0.11984778131391938 0.10461649038423543 0.10161572026245234 0.09385346264634659 0.08867131909504186 0.08418246833071859 0.07949335481474563 0.07514722377724144 0.07301781839574219 0.06815274106383712 0.06564580235831992 0.06575873807233176 0.06333785718750855 0.06098260024648349 0.06113709186586906 0.06229082835803777 0.04880421105540271 0.043025922668161604 0.051031637028047264 0.05426971936934577 0.054361664316478917 0.05575702078669032 0.05749093894451359 0.055582825140957894 0.04705349650438801 0.04829705782533214 0.05502974024749731 0.05576799255431991 0.05985537296796269 0.051640609021018254 0.058141480667973214
0.012127934587139158 0.011176947954918574 0.011866255960078545 0.004794570830855547 0.0016740486861954612 0.008858661406227252 0.005071015509747341 -0.0009442466843516578 0.004828874402188133 0.07220631294185476 0.03481128226107051 0.024646189609091717 0.17703186917347588 1.0 0.1744578052532833 0.1670384029592551 0.1547323982400729 0.14777620488678758 0.1361308569553816 0.12574470148195735 0.11045066211323629 0.10656495442048612 0.09829192364270953 0.09186795498504255 0.08758573738121216 0.08198947148334318 0.07750436612147384 0.07549014835061922 0.07043694746655932 0.06724894542621725 0.06728787626703306 0.06394967781729788 0.06155219002264037 0.0610266239347312 0.06206753231213785 0.04958956980948497 0.044927044170316614 0.05158638723866411 0.05338351566611158 0.05312324574834423 0.055373940945465355 0.05465304804225627 0.05583870317908898 0.04708341621506826 0.04827153860547378 0.0550155552876582 0.05578474777758945 0.05990490226041328 0.05174366857661865 0.05833236598278248
0.01157423432679586 0.012080206016089404 0.010111591872549805 0.006087728057785894 5.776791924511916e-05 0.0098618820750455 0.0063383412715455195 -0.0024619307522803615 0.006111816603226234 0.06619335412777251 0.034350321190607075 0.02189212150001818 0.17025710857398355 0.1744578052532833 1.0 0.17077355783669207 0.16011451730372853 0.15411098851068447 0.1427047432340196 0.1320408736973506 0.11603778332286585 0.11178765183394129 0.10290001542901384 0.09587088275102008 0.0911613135607178 0.08503167938849532 0.08012945985668037 0.07781801471562973 0.07239114628393503 0.06888033511858072 0.06872894625316525 0.06509697447798295 0.0625081696037207 0.061793692883956974 0.06271407627371153 0.05008199776224312 0.04538051386947941 0.05191489010232321 0.05354818179431631 0.05319437520192603 0.05544837015803449 0.05449632591781019 0.055852747498289924 0.04704339347885597 0.04819098605534662 0.054888490741232775 0.05562510386869521 0.05970397438527294 0.05154995680282047 0.0580947747772219
0.011030192764893726 0.012684904535817245 0.008620417685930661 0.007057013507607474 -0.001231530304822857 0.010558329247919673 0.007282553599911192 -0.003652702045648059 0.007069065292591802 0.06037034652369667 0.033428282718965606 0.01921654919530738 0.16097905072942037 0.1670384029592551 0.17077355783669207 1.0 0.16280250998327253 0.15864350505809782 0.14812434110443445 0.13764974753279086 0.12123401880584805 0.11677944566041112 0.10736969187852438 0.09979462113220822 0.0946641652518228 0.08801126365711562 0.08268039634240498 0.0800508460374481 0.0742361262679487 0.07039646352031073 0.07003505771623228 0.06611100678857766 0.06331882006578075 0.06241192366545887 0.06319599792287017 0.050415948828858984 0.04566162094360183 0.05206318449825452 0.053541947160351884 0.053093404851263154 0.05532100148807777 0.054174510137920545 0.05564046340424121 0.046811186491854374 0.047910306692333704 0.0545290133752427 0.05522559690219506 0.059241422720304214 0.051126570185500375 0.05759433592417462
0.010267761181634921 -0.056059622341591876 0.06090143378153252 -0.0652550980068573 0.06840272972406865 -0.06027757097265013 -0.06500077435800071 0.06783589470507527 -0.06527198560756955 0.12537003891857884 -0.0401468392442306 0.08844482023156787 0.14928777836427665 0.1547323982400729 0.16011451730372853 0.16280250998327253 1.0 0.16446859952816037 0.14865211132586603 0.14156454666125176 0.12220052561245803 0.11972494801695772 0.10960216545204737 0.10437328735104001 0.09638324690955889 0.09101393328902845 0.08431196011031084 0.07979231087607058 0.07302946999394319 0.07050948052056351 0.06952847678518852 0.06805100204038902 0.06454314951108632 0.06555651318843432 0.06620419835713569 0.04868650770237922 0.03917463697221141 0.05045884996483725 0.05710896899198524 0.057675141387021164 0.05631589823092304 0.06427952494131592 0.05366961000375117 0.04566991940043422 0.04678099531476397 0.05300728238726084 0.053402065395932785 0.057007418401768845 0.04884705208066375 0.05461919347433394
0.01000457802543959 -0.07176974653129904 0.07263904135216488 -0.08172068365745841 0.08416973529589857 -0.07647795491801779 -0.08147012912533032 0.08404611867901332 -0.08175341250057794 0.1384451961794533 -0.05762285962204501 0.10350463879352817 0.14231204560832125 0.14777620488678758 0.15411098851068447 0.15864350505809782 0.16446859952816037 1.0 0.15379395822023825 0.14877680593902284 0.12892704354813045 0.12719006020977938 0.11657277017933487 0.11146374955414916 0.10240665546009224 0.09677933985763891 0.08925439716616936 0.08393417437214913 0.07643462077152448 0.07382750101633798 0.07248673431416458 0.07122080905253907 0.06726820875938488 0.06853725651366643 0.06903772544278607 0.049891002025403045 0.039045412152097794 0.0515531354767753 0.05934918489000713 0.06005788067615914 0.05785617024231976 0.06781893795696578 0.05441248211201343 0.04636840587603626 0.047463349145580605 0.05368734563445258 0.05398759058847991 0.057534841662034125 0.04919317030378954 0.054887184730662876
0.009558272990029761 0.02124810039143616 -0.0007710500801372834 0.01700424978703849 -0.011788522400433715 0.019610579830899057 0.017159099350600657 -0.01412891394730038 0.016983331420509368 0.03721443242246213 0.037832359532342284 0.004142137507115805 0.12911868522903203 0.1361308569553816 0.1427047432340196 0.14812434110443445 0.14865211132586603 0.15379395822023825 1.0 0.1471076272662636 0.1332632588206336 0.1299265132450503 0.12026121967496317 0.11151399783457788 0.10574232120558734 0.09750138668774741 0.09099396524779375 0.08751593130599669 0.08048318620677831 0.07538652821886009 0.07432712077201185 0.06914870776839403 0.06569183037164412 0.06390980116410158 0.06419164342971254 0.05138349626115137 0.04688907784681651 0.05231298589182141 0.05275002406638438 0.05186358717782589 0.05428877127984515 0.05163000202321189 0.054551007166875574 0.04565067213224953 0.04656009402043278 0.052865352494171895 0.053434930458116786 0.05721988751382248 0.049323993628222165 0.055513395535422345
0.009103398823911372 -0.010014112068626154 0.022807844026945016 -0.015815944061254816 0.019749669714610858 -0.012587311849021052 -0.015653026764004263 0.018271792213215645 -0.015853943857917035 0.065569458460765 0.003929269599932868 0.03500992759391989 0.11984778131391938 0.12574470148195735 0.1320408736973506 0.13764974753279086 0.14156454666125176 0.14877680593902284 0.1471076272662636 1.0 0.1338242991322207 0.132951358805196 0.1238059168236354 0.1165285634630901 0.1095929853825686 0.10181741169377084 0.09447720306452166 0.08994510079990424 0.0821535123988177 0.07738635072447139 0.07586455992304775 0.07153890396294113 0.06753945439977946 0.06646868142498426 0.06656389671114445 0.051295404151902174 0.044485858530363125 0.052117902127720286 0.054838296441017044 0.054332218669731515 0.05507133640606736 0.05648070690056318 0.05386766795174582 0.045266830050041264 0.04614483466498077 0.05224460470717332 0.052641083803012176 0.056206722585419915 0.0482627982584404 0.05410582329931301
0.008326472050754636 0.031006710698404254 -0.010541987255346311 0.028056965775118074 -0.023189480252844397 0.029919391254926816 0.028164726583756995 -0.025535048264757797 0.02802270141345374 0.016925107930223695 0.04488491901495469 -0.010621164781879758 0.10461649038423543 0.11045066211323629 0.11603778332286585 0.12123401880584805 0.12220052561245803 0.12892704354813045 0.1332632588206336 0.1338242991322207 1.0 0.12766527246203302 0.120681860535591 0.11292257266961053 0.10813950298048107 0.09966886302988402 0.09304397991669433 0.0894169341826259 0.08193992891710083 0.07608385322767773 0.07459494503811767 0.06853091112702507 0.06473535072610175 0.062227958107902846 0.06209770095814251 0.050054173741671794 0.046202440681845064 0.0503485092652927 0.04965499903939556 0.04839662719540302 0.051057360244598005 0.04682029747772982 0.051408955590280164 0.04279243896275159 0.043507228623299546 0.04930473750508583 0.04976167939207168 0.05321626215912142 0.0458422310938615 0.051573441399354984
0.008309689229100565 0.006741514768024622 0.008316973307146933 0.002389283141188601 0.001642945507626334 0.004846507114886258 0.0025093911508616016 -9.746096815552685e-05 0.002340649710389582 0.04099959219172518 0.019102143553094864 0.014232739369319108 0.10161572026245234 0.10656495442048612 0.11178765183394129 0.11677944566041112 0.11972494801695772 0.12719006020977938 0.1299265132450503 0.132951358805196 0.12766527246203302 1.0 0.12679622376775623 0.1211442761737995 0.1160055530007864 0.10803277857400183 0.10069288855456367 0.09617104366240714 0.08774024730488975 0.08185658145127485 0.07988485374805501 0.07416090846335341 0.06966473580377794 0.06755872928637988 0.06720944090145774 0.052478155930334315 0.04648538873195217 0.05261054875152278 0.05372203612113541 0.052678054792610944 0.05403977018273236 0.052916593069597985 0.05314121311732105 0.04436316540287542 0.04506260468325733 0.05092275932189794 0.051238016805039456 0.05464180999353508 0.04690152673675679 0.05257577918460563
0.00794843999882082 0.012649909864831095 0.003071996590811981 0.008855628647509025 -0.004827615758570597 0.01101343557159431 0.008959050595478166 -0.006645325187964407 0.00880324276391646 0.03179991307820618 0.024300726615714082 0.006656823293258726 0.09385346264634659 0.09829192364270953 0.10290001542901384 0.10736969187852438 0.10960216545204737 0.11657277017933487 0.12026121967496317 0.1238059168236354 0.120681860535591 0.12679622376775623 1.0 0.12121950467009479 0.11774374326741957 0.11036502027474257 0.10340464610756801 0.09908886973095087 0.09047533001084956 0.08417726097304146 0.08201362344235787 0.07570042440945755 0.07093330989047453 0.06837810606746615 0.06779745193524425 0.05312185957430805 0.04734376810295017 0.05289885207686663 0.05338904490267907 0.05210332164521335 0.0536394176076219 0.051574575646419436 0.05277031244451857 0.04391852808743302 0.04452549663604702 0.050252951287091056 0.050512887078322355 0.05381986864794378 0.04617093284368381 0.051736615532399416
0.007667285384491443 -0.022318386982477952 0.029864480735059016 -0.027991869104239234 0.030723246278423856 -0.02503422525958062 -0.027869520017795614 0.029825583866231176 -0.02805768728505504 0.06575463944427348 -0.01289984312207453 0.04216102641865258 0.08867131909504186 0.09186795498504255 0.09587088275102008 0.09979462113220822 0.10437328735104001 0.11146374955414916 0.11151399783457788 0.1165285634630901 0.11292257266961053 0.1211442761737995 0.12121950467009479 1.0 0.1193792225175184 0.11415800184624407 0.1073296352572886 0.10250234026794697 0.09339288024544476 0.0876461500962843 0.08508153750511616 0.07970366069475433 0.0742724966772121 0.07247666369227772 0.07166026425652906 0.053933161511937576 0.04542358551311975 0.05353481593879275 0.05658042467993268 0.05567683134926486 0.05530971698296709 0.05777668799326184 0.05273162143483168 0.04407851906220034 0.044643494361024265 0.05019977379210143 0.05025451148018418 0.0533431963673566 0.04553589160786482 0.05076922101147193
0.007587830139183644 0.010470858356655706 0.00411175570523915 0.006765062131584892 -0.003024659397284382 0.008816006569679919 0.006854375375894552 -0.004719120639501212 0.006702122135109648 0.03040314558633263 0.020795635320938536 0.007246361904846566 0.08418246833071859 0.08758573738121216 0.0911613135607178 0.0946641652518228 0.09638324690955889 0.10240665546009224 0.10574232120558734 0.1095929853825686 0.10813950298048107 0.1160055530007864 0.11774374326741957 0.1193792225175184 1.0 0.11696375825750295 0.11181763388071073 0.1084215427227345 0.09959742291805983 0.09290658435950198 0.09039845444731483 0.08326339332564027 0.07762738693808187 0.07448197358024057 0.07338386591709084 0.05697816272503774 0.05027185669904819 0.05601687504989662 0.05637509683326414 0.05472746677921123 0.05589853715987741 0.05377000341917139 0.0543599017510053 0.04505929285173332 0.04549948469992088 0.05115595063361331 0.051239372010955256 0.054419109261569155 0.04654584389787101 0.05201522036264222
0.0073168617916692736 -0.011590836369767564 0.020859297576111307 -0.01642835633647729 0.019305602721221123 -0.013904564152917919 -0.01632897521270983 0.0182093685543562 -0.016499760885173166 0.05121461301165282 -0.002843143993805912 0.02936956696291774 0.07949335481474563 0.08198947148334318 0.08503167938849532 0.08801126365711562 0.09101393328902845 0.09677933985763891 0.09750138668774741 0.10181741169377084 0.09966886302988402 0.10803277857400183 0.11036502027474257 0.11415800184624407 0.11696375825750295 1.0 0.1130732904558673 0.11051375909720695 0.10208980688794206 0.09612876637892831 0.09358391009832841 0.0870473351608566 0.08092555298192768 0.0781760285834457 0.07684144761813096 0.05820889295326735 0.04962064871983595 0.05695684752032808 0.05884349643351287 0.05733759703442832 0.05723183051587266 0.05787166596323701 0.05446247829925747 0.04521024100924985 0.0455733065378365 0.05106918619939928 0.050975099391752904 0.053964561989790834 0.04597801650854152 0.05118232553637338
0.007138050878969568 0.001363898529951298 0.01043381104980842 -0.002610609202014492 0.005811815018133546 -0.0004986087861089058 -0.0025279405993859205 0.004428821961185307 -0.0026816602921842544 0.036175782074839076 0.010155712413592503 0.015088426471053016 0.07514722377724144 0.07750436612147384 0.08012945985668037 0.08268039634240498 0.08431196011031084 0.08925439716616936 0.09099396524779375 0.09447720306452166 0.09304397991669433 0.10069288855456367 0.10340464610756801 0.1073296352572886 0.11181763388071073 0.1130732904558673 1.0 0.11248804123627568 0.10536637865882097 0.0997041699311378 0.09758163809374526 0.09041481138032001 0.0841429597036323 0.08075507903836707 0.07919081882038939 0.06060348722151139 0.05247881214223673 0.05886071001949601 0.059560120323284865 0.05760595301885111 0.057993162611672325 0.056674817182821975 0.05539676078926924 0.0457536344856358 0.04598986849276577 0.051453763183374496 0.051296701020493204 0.054246219051995594 0.046199112356203 0.05142031520566211
0.007166059096469666 0.021954137211968934 -0.0056138062730057385 0.01917124474782811 -0.015302998167966866 0.02073635770964624 0.019233912159617898 -0.017201057326905005 0.019101031430841443 0.014354890341294326 0.03139555516507463 -0.006673587993196012 0.07301781839574219 0.07549014835061922 0.07781801471562973 0.0800508460374481 0.07979231087607058 0.0839341743721491 0.08751593130599669 0.08994510079990424 0.0894169341826259 0.09617104366240714 0.09908886973095087 0.10250234026794697 0.1084215427227345 0.11051375909720695 0.11248804123627568 1.0 0.11042773663570964 0.10534898565675757 0.1040500197773989 0.09604642376508853 0.08967834581494821 0.08542223691530446 0.08363537867951326 0.06505720985279201 0.05766755041564398 0.06272736289474298 0.06165898832329028 0.05905573149098059 0.06031480603184289 0.05595608585812544 0.058087801934795895 0.04767064964754105 0.04776317595191662 0.05336202580198706 0.05315020923245932 0.0561612510096277 0.04783718667339626 0.05326797538193998
0.006868089005364777 0.029845212793208977 -0.012271801923446788 0.027695822168076027 -0.023715980663593955 0.028951183889408063 0.027745683354704346 -0.02575292915850045 0.027627250103492287 0.004133677995930451 0.03905292408225195 -0.01584224086167643 0.06815274106383712 0.07043694746655932 0.07239114628393503 0.0742361262679487 0.07302946999394319 0.07643462077152448 0.08048318620677831 0.0821535123988177 0.08193992891710083 0.08774024730488975 0.09047533001084956 0.09339288024544476 0.09959742291805983 0.10208980688794206 0.10536637865882097 0.11042773663570964 1.0 0.10494210066487199 0.10500261505063134 0.09739772256950248 0.09139424358030862 0.08698301505836038 0.0851595379092684 0.06660642396667346 0.059466085243863556 0.0638787907188627 0.06199744823767134 0.05903156070708984 0.06049795508261152 0.054846728511157926 0.05821389422861536 0.047564572803704075 0.04751084990235393 0.052960774757701175 0.05264867238990973 0.05553328481658772 0.0472429486008686 0.05255330752521312
0.006698887456388644 0.009002347662701046 0.0037037039863250477 0.005732583154946383 -0.002520231846655441 0.00747009727440674 0.005794923225795635 -0.004008526875612554 0.0056574222931660536 0.024552052113261967 0.016961098515146926 0.005405499408989882 0.06564580235831992 0.06724894542621725 0.06888033511858072 0.07039646352031073 0.07050948052056351 0.07382750101633798 0.07538652821886009 0.07738635072447139 0.07608385322767773 0.08185658145127485 0.08417726097304146 0.0876461500962843 0.09290658435950198 0.09612876637892831 0.0997041699311378 0.10534898565675757 0.10494210066487199 1.0 0.10657983374553688 0.10092363010015222 0.09531687227258959 0.09180797598504854 0.09008720376034002 0.06919513916258498 0.060150186387678106 0.06623695375890697 0.06579259237928474 0.06286542834341001 0.06307304689590569 0.059939859581080855 0.05943595436473694 0.048581086501959754 0.04840552031465729 0.05374520825735277 0.053210276397637826 0.055910697936034266 0.04735397623100471 0.05244714118218756
0.006854739204021517 0.014204845734690531 -0.00012361749212371495 0.01115338306568129 -0.0077153934505908624 0.012789075652999991 0.01121066500737901 -0.00936174382202937 0.011074910697445463 0.01955467698838561 0.022389234281882248 0.0001199840195551448 0.06575873807233176 0.06728787626703306 0.06872894625316525 0.07003505771623228 0.06952847678518852 0.07248673431416458 0.07432712077201185 0.07586455992304775 0.07459494503811767 0.07988485374805501 0.08201362344235787 0.08508153750511616 0.09039845444731483 0.09358391009832841 0.09758163809374526 0.1040500197773989 0.10500261505063134 0.10657983374553688 1.0 0.10705673579949318 0.10241444009148275 0.0992815227952888 0.0978531835993202 0.07557188546678191 0.06603159660216423 0.07223787558158416 0.07124157321365929 0.06779461307100407 0.06804325631774348 0.06380977071931407 0.06388962955123247 0.052012363783133286 0.05165419821644307 0.05719143858160687 0.05647686828379547 0.059201105682656206 0.050039472775412715 0.055322604185605785
0.006620541303396278 -0.020681326028725223 0.026711285386924227 -0.025638231138743233 0.02782513748701043 -0.023169343275424747 -0.02555712641623825 0.027087650125631867 -0.025725479784529777 0.05435564364513055 -0.014361945111090495 0.035977681504964346 0.06333785718750855 0.06394967781729788 0.06509697447798295 0.06611100678857766 0.06805100204038902 0.07122080905253907 0.06914870776839403 0.07153890396294113 0.06853091112702507 0.07416090846335341 0.07570042440945755 0.07970366069475433 0.08326339332564027 0.0870473351608566 0.09041481138032001 0.09604642376508853 0.09739772256950248 0.10092363010015222 0.10705673579949318 1.0 0.10398447949931 0.10316051165809208 0.1025163601123576 0.07750222057453512 0.0653462106852342 0.07438648610499798 0.07598666627977119 0.07283066328753587 0.07110685488716642 0.07125202070085279 0.06496595374629019 0.05299198684131674 0.05249616884928721 0.05784119279768077 0.056818825757706484 0.05926079531070723 0.04978454870341108 0.054700927535337056
0.006493631344961058 -0.013830170121407396 0.021149195029733326 -0.01831277701884022 0.02065928949339319 -0.016068855802375055 -0.01824033577799049 0.019776254630485463 -0.018398850104476797 0.04631510400743472 -0.0074892628829511705 0.028391025063959557 0.06098260024648349 0.06155219002264037 0.0625081696037207 0.06331882006578075 0.06454314951108632 0.06726820875938488 0.06569183037164412 0.06753945439977946 0.06473535072610175 0.06966473580377794 0.07093330989047453 0.0742724966772121 0.07762738693808187 0.08092555298192768 0.0841429597036323 0.08967834581494821 0.09139424358030862 0.09531687227258959 0.10241444009148275 0.10398447949931 1.0 0.10443624342222776 0.10507552703716759 0.08050194185944988 0.06875363110205425 0.07772841739371182 0.07878488708943131 0.07527204928586916 0.07372190079402001 0.07261927420533631 0.06727548559489405 0.05463591095424382 0.053937432182412 0.05925643536884003 0.05805144602076852 0.060389843801898546 0.05062385012072659 0.05551699982218694
0.0065253734961347055 -0.04103437756537731 0.04241739639166396 -0.04712422976358326 0.048587870744674924 -0.04416813624861568 -0.04703116245302344 0.04837315533839185 -0.04721984940695953 0.07451844984232509 -0.03591426455510754 0.05681807230386209 0.06113709186586906 0.0610266239347312 0.061793692883956974 0.06241192366545887 0.06555651318843432 0.06853725651366643 0.06390980116410158 0.06646868142498426 0.062227958107902846 0.06755872928637988 0.06837810606746615 0.07247666369227772 0.07448197358024057 0.0781760285834457 0.08075507903836707 0.08542223691530446 0.08698301505836038 0.09180797598504854 0.0992815227952888 0.10316051165809208 0.10443624342222776 1.0 0.11130683967209067 0.08482229079820627 0.07116149485116874 0.08304826661946003 0.08635074642455937 0.08299847819076264 0.07991558068664502 0.0820572336499293 0.07157353667650294 0.05815501776590435 0.057256241830389354 0.06262165552576845 0.06105204377387183 0.0632116204220846 0.052696914285834215 0.05746726783205064
0.006737702254737139 -0.041247605236313066 0.04291114742844164 -0.04746849827027988 0.04900867689399128 -0.044453029878586174 -0.047374898895690264 0.04875941489853268 -0.047568787774904135 0.0755396051757102 -0.036020406252086044 0.057376686538997954 0.06229082835803777 0.06206753231213785 0.06271407627371153 0.06319599792287017 0.06620419835713569 0.06903772544278607 0.06419164342971254 0.06656389671114445 0.06209770095814251 0.06720944090145774 0.06779745193524425 0.07166026425652906 0.07338386591709084 0.07684144761813096 0.07919081882038939 0.08363537867951326 0.0851595379092684 0.09008720376034002 0.0978531835993202 0.1025163601123576 0.10507552703716759 0.11130683967209067 1.0 0.09075505159467992 0.07735889794001263 0.09069965373638349 0.0944151797967989 0.09084773661357716 0.08767528980533032 0.0893755205928437 0.07841523325888455 0.0635095543843029 0.062331766596056076 0.06796082510295084 0.06604961265712317 0.06817265604029141 0.05666623822294733 0.06162447295916033
0.005493791344589165 0.019555440907754167 -0.006524949635713044 0.017594619817482445 -0.014607605807908753 0.0186580266910496 0.017626842678819733 -0.016128651644603007 0.01752567540196777 0.0060932565168488545 0.025971790136676432 -0.008986755615990943 0.04880421105540271 0.04958956980948497 0.05008199776224312 0.050415948828858984 0.04868650770237922 0.049891002025403045 0.05138349626115137 0.051295404151902174 0.050054173741671794 0.052478155930334315 0.05312185957430805 0.053933161511937576 0.05697816272503774 0.05820889295326735 0.06060348722151139 0.06505720985279201 0.06660642396667346 0.06919513916258498 0.07557188546678191 0.07750222057453512 0.08050194185944988 0.08482229079820627 0.09075505159467992 1.0 0.06928287386355857 0.07735765452122058 0.07687027481836624 0.07328766817428262 0.07351533120480731 0.0675696318046354 0.06778204234717689 0.05434532408908487 0.05312986205815832 0.057905230382517305 0.056295046690610626 0.05811900815250851 0.048427612495617035 0.05282986171213477
0.00508296172188854 0.08075531455122845 -0.05494286590628104 0.082606634535159 -0.07780143905187095 0.0819486316210551 0.08258498952247505 -0.08076141473087103 0.08255856687931334 -0.05968714773785626 0.08925806496447988 -0.0739897182266152 0.043025922668161604 0.044927044170316614 0.04538051386947941 0.04566162094360183 0.03917463697221141 0.039045412152097794 0.04688907784681651 0.044485858530363125 0.046202440681845064 0.04648538873195217 0.04734376810295017 0.04542358551311975 0.05027185669904819 0.04962064871983595 0.05247881214223673 0.05766755041564398 0.059466085243863556 0.060150186387678106 0.06603159660216423 0.0653462106852342 0.06875363110205425 0.07116149485116874 0.07735889794001263 0.06928287386355857 1.0 0.07383523393672328 0.06945800186539497 0.06561436466115392 0.06931624775804322 0.05535627109020804 0.06646233368230452 0.0527356769390884 0.051374159675979816 0.056013337700281135 0.054515592153464465 0.05633337590360513 0.047098878072102945 0.05159103282206454
0.005844893455690267 0.015180317836696969 -0.0025667179967922313 0.01276724071098993 -0.009783070034689676 0.014035898033429596 0.01280405750281246 -0.011261656447515407 0.012690075067219737 0.01202762660643252 0.021633166322559256 -0.003821390245314846 0.051031637028047264 0.05158638723866411 0.05191489010232321 0.05206318449825452 0.05045884996483725 0.0515531354767753 0.05231298589182141 0.052117902127720286 0.0503485092652927 0.05261054875152278 0.05289885207686663 0.05353481593879275 0.05601687504989662 0.05695684752032808 0.05886071001949601 0.06272736289474298 0.0638787907188627 0.06623695375890697 0.07223787558158416 0.07438648610499798 0.07772841739371182 0.08304826661946003 0.09069965373638349 0.07735765452122058 0.07383523393672328 1.0 0.0891894387305121 0.08697895666985532 0.08797227058392816 0.08244182686159139 0.08147248813531055 0.06530730418116498 0.06364112230608153 0.06900377918582612 0.06666933458572606 0.0683670089138 0.05655797235658508 0.06125400143595962
